5890
1699
6788
8556
5896
3670
768
347
7353
5728
1561
4193
9546
6453
7422
932
9881
4352
8543
5875
4006
4318
8920
4986
3103
4457
4978
8815
5863
3988
9678
6150
3655
5721
6741
8813
7832
2201
3135
1434
4514
8955
2305
4232
554
8878
4631
2889
2735
9087
4320
3332
9266
1594
2168
8915
2602
729
6761
9587
977
2069
3243
965
230
7268
549
8925
6484
1239
1200
6465
6965
6715
4950
5974
2014
6951
9632
9871
5169
8249
7367
1009
948
3232
6329
1743
6491
5816
3241
1733
2319
2601
7910
3583
1414
4236
8083
2102
4950
1953
7210
3836
1640
519
8150
2331
5464
9669
6989
4026
6772
6831
9535
9096
2002
468
6611
6872
4050
5921
869
3239
4607
410
7389
3273
9910
467
9528
9045
5864
2305
1635
5817
2910
8966
4444
3747
5206
6101
6551
8221
8783
9012
1408
8434
738
9679
5518
6605
4722
209
388
6256
5906
6360
6466
8647
1002
9244
2035
7511
3643
1505
9446
953
1844
3529
2079
1023
8102
4108
2705
9191
9597
3222
9883
7254
2849
2653
6201
8863
1068
4312
5315
2330
8177
8039
4345
2487
6102
3315
6125
5212
8548
4149
139
4697
6235
9178
9471
5259
4075
1165
9980
6425
6830
7430
9599
4747
2222
7449
6724
7402
6107
2704
3234
4324
8754
8975
1122
9999
7557
4938
7859
8090
6901
1675
6880
8503
4021
3650
4347
2547
7309
4000
3661
7927
259
899
9904
9767
5459
9180
9521
6635
6797
486
9816
2235
1687
2938
2297
6766
2553
8020
5410
2826
5716
2974
9928
5022
8898
8008
9814
4041
8168
8942
3959
2302
3337
6748
1959
3995
2406
1384
187
3302
8902
1817
3258
1514
8907
9362
2603
4608
1240
5444
9971
9782
4087
5254
1805
415
1904
7338
6543
9998
9790
910
4365
3679
8167
2335
6999
6336
9333
6424
1891
3396
3081
5101
368
956
4370
6227
6028
1778
922
5747
9931
3559
3531
3818
8742
3241
2538
4686
4314
4826
3118
4026
3961
6715
4124
5693
9653
5429
8916
8260
8228
5806
9391
7221
3966
128
3069
616
1031
6262
3378
3402
9039
4132
9392
4272
5054
8841
7337
7447
7868
1099
4270
1505
9618
9763
3850
3702
699
588
3162
9692
4531
2108
9522
6699
6782
890
2131
1194
3913
3818
3344
9221
4503
263
9740
3101
1746
626
9493
3571
8001
6293
5528
6246
7490
8897
4932
8181
8538
6141
8272
7557
1711
4588
7842
4362
2310
1006
4533
9981
1107
8916
4320
534
5749
6594
8449
9027
3681
9712
3330
6731
6578
9847
3401
6058
228
1899
3747
750
1234
1585
3142
9565
7308
6672
7471
5120
4467
1607
198
6949
7123
5303
1265
4075
2818
2288
921
4883
113
6459
7624
4474
7103
1469
2870
722
2028
4115
9334
7822
768
4241
5943
6084
6877
196
4381
4101
9626
8036
9721
339
6755
7687
784
4080
8976
9094
7088
9370
8918
5109
5035
4172
9095
6770
2461
8068
995
3536
3901
5374
2419
8364
2731
810
9409
483
3764
9495
5701
5195
8555
3449
7820
633
6713
4692
8260
9817
6383
9212
4767
9767
290
3646
1791
9617
6086
3653
944
9679
1819
241
1088
9590
1689
7976
9082
4973
3797
1225
5608
957
9567
725
4396
6611
4460
8216
7419
1896
1707
7745
3831
2003
3780
6034
8400
8502
4176
4330
6309
6141
7658
646
1521
7493
4367
8504
9836
8598
8807
1048
138
1092
8341
5194
5525
9174
2244
1078
7560
4755
7473
4855
3956
8905
5273
5279
8824
1016
9648
7109
2939
4793
8489
7589
4012
2084
198
9832
6530
8582
1776
4113
3500
4480
1517
4266
1095
8998
3435
7586
5852
5567
421
5737
8217
7028
8928
539
5054
5063
5873
777
8774
148
3789
3344
3711
7376
3084
5717
6801
6261
8459
512
7970
4215
7476
6978
6344
6885
5074
8957
975
7877
3383
1883
6748
554
9570
1140
2049
8388
7313
4385
8594
4772
385
7991
1088
4473
4301
8168
6262
5342
2574
782
3152
1925
9497
3711
7323
4675
8551
4527
4762
4938
8095
5881
2925
4100
4465
5562
6500
6434
2689
8208
3871
183
710
6698
8855
3647
8908
6456
4016
5049
7983
3809
7648
2926
3844
3521
7822
4671
8905
4465
7888
6183
7413
6793
9170
1062
1598
6943
9209
5400
7078
3285
1663
2300
8687
5157
6084
3910
8393
2369
6814
1940
2869
4344
7309
8250
4463
938
9113
3269
8854
2441
990
1200
894
7628
6220
371
5282
8000
8510
5380
982
3446
5211
1304
5595
5383
706
8345
4872
6824
1454
429
6661
9242
6822
9642
5909
5066
3882
4651
170
7076
5076
277
8507
5481
9498
192
4576
5584
6454
7336
5785
490
9321
2976
2187
5941
8008
5245
565
7240
935
3849
9264
469
5115
1010
9586
137
1432
5173
1213
4147
6853
2228
2572
2414
4053
7971
2700
7719
9159
5984
1255
8188
5826
5284
2515
9823
4849
1805
5806
375
2201
1083
2092
2453
8218
885
9991
1681
9523
4093
9727
9301
5115
689
5644
1087
7321
3691
5317
8929
7580
1815
5383
8661
5557
6866
9216
9181
817
7737
3278
5291
1119
8460
9360
6715
5609
5481
1452
1543
8379
3108
4432
6541
683
8741
8622
3188
6107
540
9038
593
0
2914
9900
2548
1588
2019
4786
6180
2541
2264
3410
46
4539
2515
8613
6406
7057
2897
5459
6285
4519
1078
6440
2990
8998
464
8752
3895
8509
7743
3694
7706
81
6741
1758
4472
4222
4071
5857
9886
1997
5400
1338
2911
7997
9079
8951
6528
829
8846
4212
5445
9042
722
3726
9020
3077
3372
8724
8481
5610
4220
4122
3739
6555
848
2748
2374
7054
6764
9102
4037
8189
7596
8736
7990
4128
7574
3199
5648
3308
7700
5431
5149
9377
3933
227
7559
9761
6514
696
5333
9728
2656
366
6265
2716
3370
8362
9979
8142
5630
9027
2905
5568
6118
9278
6951
4382
7969
6021
1206
2325
9751
4502
6653
2804
3647
4492
7895
1739
2641
301
1515
103
7449
9896
9514
5781
1306
1517
7891
6639
3381
276
7778
439
3733
9993
2727
1474
3459
7448
4313
9079
6191
3552
4202
6168
1283
1700
7529
4695
5254
226
5913
3001
9688
5708
1802
2766
6269
7658
9677
3404
8283
390
6994
5013
5772
3251
8800
6779
6445
8098
4070
6660
7492
4776
7114
9636
7690
8347
8802
9448
2481
211
3790
6113
752
7650
2348
6949
2213
1980
661
4070
8370
4237
3753
4191
7135
8130
9252
1554
5857
7447
4710
7596
7779
2716
3787
1779
9563
2172
6393
6938
744
319
8382
9541
573
1483
1429
8774
7576
5744
494
840
8021
3192
1969
7345
363
5283
3501
6812
984
6853
6860
9526
5039
4166
4552
6492
3096
5567
4161
5655
2877
8427
4589
694
9039
3387
5480
8831
375
5784
9317
5654
6784
1870
79
3868
2924
1537
3235
1514
1652
9973
4503
5972
7130
8836
7120
2545
2306
2732
2899
1038
692
550
9125
8757
2568
2680
2075
3757
628
8562
7000
1805
3647
5963
79
3990
5598
5643
5931
7382
5487
4737
4012
1300
3735
1497
908
3567
7865
2257
8322
1620
9605
3195
179
6243
995
8536
6652
158
5787
8778
1310
3872
3788
1355
4091
4465
9315
9526
212
3981
8818
1617
9216
488
4500
4584
4327
2402
3702
6545
265
4321
7412
9774
323
4142
6825
5009
9698
2335
9166
9310
2782
9958
4196
5132
4663
2353
672
6754
8520
4867
4337
8555
7711
4958
3806
3539
2449
7086
30
435
3564
2711
4590
3882
9018
106
5541
6646
1035
2944
9412
4347
8630
5040
8680
2109
6166
2191
8349
5806
9424
6974
7096
2852
2131
6231
698
1021
952
5770
6369
3245
8918
673
7819
5108
3727
4987
2679
8984
4520
8328
6787
3873
4553
2918
8185
2265
1470
9051
6444
3221
6002
6005
3540
8556
2252
9470
6846
7139
1395
4070
3070
9954
3750
7989
7254
5079
852
6624
6329
4423
9606
5976
9060
4500
5195
975
7846
5903
6272
9046
5231
495
9957
4309
8239
8305
5136
9070
1348
1742
3112
380
4999
1851
8444
5187
3498
7265
6425
581
8183
3106
7608
7431
9071
8486
6494
8939
2973
1556
5397
2701
8015
4662
2142
7564
9329
8987
1373
5660
5650
6999
8253
3898
4400
3512
5657
211
6410
6275
1458
4559
7803
2808
9991
9458
4385
931
8782
4255
6757
774
1243
3910
2564
4314
4242
7181
1745
7993
2730
4201
1181
3385
4802
5428
3826
9573
6058
5681
3848
5809
4214
3126
4167
532
8196
5936
4375
5634
525
6544
9129
932
6594
5377
2680
9354
6083
3056
1899
7276
2322
4652
5243
4881
9293
8976
9524
4353
5956
968
8751
278
5020
1483
9902
4163
8115
7074
6999
3142
2059
5013
7166
6841
8468
1243
7032
3037
2021
5447
5209
1592
7033
9640
202
6192
7617
2345
7419
8535
908
1
512
3897
2007
831
3368
3824
1494
1412
5145
6741
7649
2991
336
4378
121
1127
3854
7354
4205
1232
5024
6026
6686
5728
373
6414
8855
9813
3270
2802
4200
4694
582
7970
4234
6873
9903
7655
3907
1051
4818
9160
4445
6552
1521
864
8489
1005
7980
424
4175
7347
491
8004
468
6515
149
9675
1075
2835
9593
4441
6146
5182
6575
7149
1892
102
9300
458
2544
8464
1282
5825
9628
782
7844
84
1803
7726
9963
1847
5529
6027
7830
167
5678
7204
4814
2074
7838
9389
9264
3739
3472
3667
9575
7282
7231
464
2021
5744
6215
4567
6670
9947
938
9617
5852
2370
8124
646
3396
5489
9405
5743
3486
76
3787
4808
8336
931
2621
6925
3107
3769
8254
7770
2325
5313
1521
8777
2624
614
9642
8699
4518
5235
1784
1755
4329
1887
7533
6276
8274
8862
4127
1307
7569
4386
1416
9217
6940
6282
7152
7840
6551
5948
259
4110
8059
1882
5020
1924
6255
2573
28
677
9654
1560
1517
5210
6013
6382
4409
7519
108
9889
941
1873
1748
6054
5492
1404
433
3679
7085
6613
8214
9495
6925
4998
4393
1017
1443
1752
2968
8791
6129
9253
3013
9695
5016
9792
2554
1604
1897
6614
5040
5374
5483
9903
2775
6319
1787
4325
2112
995
9146
8540
9420
6196
8932
1840
4194
1632
7557
5387
4522
352
3672
4003
7684
3999
8262
894
1317
6509
336
2595
69
5243
9865
2168
6693
4713
6910
7562
6623
3414
7273
4964
9234
3295
9335
5108
8642
2591
2571
504
6041
4052
4209
4605
6659
4626
8739
6693
276
9694
4001
8073
4958
6656
3455
95
3176
6419
2161
6440
1541
9489
9541
5375
5980
2177
693
7371
7709
7121
5991
8994
4257
9829
2623
3392
4503
8659
5052
6030
4468
4872
5757
848
2529
6207
5120
4119
8963
8007
3325
8225
430
7782
2012
7185
915
4437
3975
1681
3370
6330
3790
8801
7932
4207
8161
9683
6340
3348
440
9021
6934
6181
9639
7959
5891
1713
1641
7447
799
9872
1996
4391
6173
7625
6405
4776
5810
976
6269
7165
1685
3027
8973
6532
618
7749
8818
9902
7186
8589
9252
1680
1066
6570
731
2613
4815
6313
3307
7620
6574
4064
8946
7111
5760
2731
2845
6123
7571
1476
6801
3348
567
7986
3101
522
2570
8930
7829
8957
7977
5842
6849
8413
828
8360
1768
5489
6206
7680
6831
7033
9335
634
4641
4949
7891
1339
4601
2593
1722
3052
7422
6504
223
1233
3187
6562
2751
6219
7020
9816
4032
3099
2664
4354
2323
4852
3018
277
692
2087
4308
6816
989
8648
4997
8360
2915
5956
573
4994
1115
604
3152
4627
2535
4542
4467
6951
307
8250
2536
7548
2313
6906
5371
3724
36
8552
1504
1538
4854
8567
1702
8792
2288
8809
579
8576
93
567
3335
9501
5629
9401
3247
7264
2600
7261
5652
1458
2641
8477
9655
213
4279
7336
4183
2309
9952
2273
2265
5346
8506
1373
5528
394
1522
5677
5567
5875
3188
4346
411
8322
1112
994
5116
1155
4935
8323
7117
132
2716
7927
1745
9945
2813
4120
338
5956
2615
6515
5237
9845
18
2848
7649
3666
6968
9221
1002
3158
6529
3995
3663
3691
2564
5258
1170
7339
2848
7916
6449
5443
9395
1402
6746
5661
3635
687
3228
971
5775
6158
8392
6480
6811
8048
9039
912
9924
173
798
2368
6471
7333
7011
555
3399
4985
9574
6640
3102
6658
8710
9030
8776
3686
2178
2071
5845
1994
2016
1621
4377
2963
1476
5533
6713
9796
4551
8783
6255
7211
7029
9656
6322
1455
6798
7314
4211
8516
9886
5480
619
8464
752
6550
7491
5488
5772
9626
9500
9849
4467
6664
6381
2579
2860
2202
8274
492
7517
1518
4360
7556
4128
206
5201
1587
1745
2698
7490
4165
1470
6823
8509
295
6839
8062
4904
8245
8515
6235
6736
1659
5212
7319
1812
2034
7212
5126
4442
3170
4817
3236
3422
8397
9
4628
3679
8240
6385
2796
5011
1604
1569
616
9614
7988
2360
2638
2697
1228
3079
9744
8157
4174
5719
7363
2538
8571
7092
4513
249
2138
3073
9948
6455
1551
2816
1332
5647
6288
4092
7832
5400
1197
5338
4148
1744
6896
9141
2868
6063
8118
7118
1080
8422
3306
4444
9439
6213
7067
7171
6448
1482
7543
4990
4254
1958
4051
6579
114
682
7715
7073
3133
9761
2545
5784
4412
4124
2308
3429
197
944
1479
1
7918
1431
8056
3370
5333
2211
8522
2875
699
4858
4365
3761
4535
6504
433
2331
3341
2784
9583
4597
579
169
3946
8791
9149
5708
7898
4345
7951
4125
793
2667
8742
3929
7517
7966
114
5561
4299
2702
6971
8477
846
8517
7214
7172
7493
4175
7546
4247
8858
5245
6302
4337
3447
5392
6931
7409
7215
8876
7947
6593
9795
8011
1328
6551
8654
4827
819
5055
1647
5661
2232
6525
2210
3347
1051
6411
3013
9918
8958
6063
3549
4646
2041
7297
6519
5304
7605
5764
7148
6167
8338
8816
7050
5260
5418
9624
3637
294
7987
538
8288
8643
4470
1356
3537
5005
7263
4830
8211
6733
7179
3914
2976
5197
819
5157
6671
9368
2034
8286
3290
33
3409
6418
5718
8723
9868
9153
2032
5214
7684
839
4497
2408
1043
8594
4857
5532
2883
2937
3368
7155
3808
9909
4107
1193
5198
2338
7449
511
6687
3469
6703
403
408
9463
8781
9091
3757
2559
732
9021
9765
6700
4361
2738
5257
7461
8656
8091
9129
2362
8716
6148
4874
238
5901
1165
7732
2585
527
6972
7137
7411
4042
258
4327
8461
3998
9218
4157
8885
2175
3981
6607
64
8309
2670
8585
6480
5859
6314
1847
8280
441
5880
9814
4461
5604
5819
8020
8055
1427
2066
1094
7387
3198
4592
5283
5669
8039
162
2197
1241
6790
5200
1389
6241
9319
4296
1464
4061
5268
3158
4952
9755
9506
935
5477
4138
5708
2021
1685
8861
8558
7734
8638
8027
3637
9855
7399
6443
8006
9618
6049
624
2161
2095
4016
2103
5841
4970
3384
9337
897
3143
9638
3367
7994
9683
9045
8658
6039
7779
1283
4895
3057
9084
8380
7192
6470
6651
9327
7469
9080
6317
1513
2237
670
9211
6688
2369
9096
8284
5712
9190
8415
9988
5978
432
1182
8855
1125
2238
5324
6830
8873
5569
9769
9027
9546
4290
9734
5908
1336
779
8793
6795
4310
6627
7805
2898
425
1030
1449
3549
2372
8758
8964
4786
842
3220
6207
6314
5699
3053
9521
8705
1780
1179
6954
4426
7552
8118
5781
922
9599
1210
341
2930
1617
8601
7813
2745
9267
7940
1894
2329
9724
4797
1886
3906
1211
7029
5254
8117
9384
5801
1672
1554
4777
983
2538
5811
4116
2384
753
5882
163
861
3092
7990
9824
5613
9613
2856
9856
6442
6672
9984
3968
4907
3889
156
3759
8617
25
9063
637
9589
2307
7421
6036
5166
1429
1534
552
2371
3173
3768
1765
4705
7996
5816
9157
2447
3871
5847
3757
662
8315
7379
1120
1044
1996
958
5080
5626
5912
8985
3663
7815
5406
2986
8930
3445
6393
4538
1247
1978
7381
3395
3586
2444
4564
1613
271
7508
3637
1458
9336
7354
210
4126
1415
892
6420
2537
8049
7121
4338
2931
5468
6866
3689
2178
2072
2352
2447
1999
9118
7100
4972
6744
8127
2375
6787
7737
3174
9001
9030
7110
5520
3410
2688
3620
7505
6784
1374
7063
2563
6928
4358
1533
2100
134
7100
5252
6869
3150
585
2568
5934
3306
1009
4328
2423
3362
9719
3288
8418
9632
4772
5168
1344
9138
73
5822
517
8033
4942
3276
1509
9870
4680
1787
2869
1551
4581
5742
5652
7285
170
3303
4400
8851
7729
2428
8579
1869
1315
8
8924
7077
2245
2510
5447
2593
4706
1979
7591
3489
2856
5420
4728
4426
7945
1350
2700
2141
8771
2749
56
4187
5592
6656
2625
1035
2843
9891
209
5565
4108
4758
1546
2565
3926
6297
6942
5741
2545
1927
3349
8484
4657
7727
5509
9994
2473
4550
261
2241
109
1451
4563
6580
5016
682
9063
9071
7189
3383
6192
8492
246
7205
831
8553
4737
7607
3119
9552
8955
3691
3016
3188
1813
5658
7255
945
8181
9188
578
427
8908
3823
1009
8226
6300
2143
24
8024
5240
9781
4532
4884
5867
7188
4248
2516
542
9318
719
6028
4760
2337
9075
6869
8700
262
9890
7490
9900
2802
7771
1830
5049
9128
1262
8357
6864
1470
2063
8834
4458
4067
636
6205
2589
7140
1229
2555
6760
8080
524
710
4041
7410
8429
2605
1121
4491
3444
5914
394
5121
7280
4738
4768
545
9458
4537
9339
4229
6462
24
9212
5769
1130
9426
6955
3202
7750
7782
5030
626
7645
2529
3579
150
6379
524
2993
6892
705
3258
1208
5583
8015
8206
576
1641
4383
264
3463
3143
344
7481
3950
5084
9727
9573
1438
2313
8980
5641
92
8754
7811
9774
432
2226
7792
1332
9767
350
6598
3996
1935
5062
254
327
5805
7959
338
9764
9551
4276
2131
1121
8858
1634
4606
6955
4627
8079
9675
2252
5280
2753
6129
6587
253
4239
3792
5737
149
9461
1198
211
5183
9703
7669
8705
1271
2306
1377
7099
833
8787
4012
1409
9068
6304
2158
2390
7510
7234
1794
1130
8333
2144
5344
4455
7079
5776
4345
1865
1371
5185
7533
7183
6669
7916
7500
933
6409
5469
2583
9642
7494
4113
5073
8937
6817
8770
279
5288
2519
4105
6146
592
6190
4710
2753
469
1578
2622
4615
5048
5133
4155
9246
4912
7875
9706
8935
7829
4460
9555
9850
989
2233
7250
6463
3869
2934
362
7562
3075
6201
726
1723
50
1108
8935
5463
3232
2069
4867
8065
3883
9232
9984
3668
7874
9101
586
3464
6988
8563
9754
237
6239
2232
2187
2985
5294
2306
9732
7851
3598
7256
9636
1485
6937
6380
1650
44
9295
6903
522
7372
2423
443
1039
2768
1824
6377
722
8495
6515
6855
7640
703
3201
5025
5826
7165
8812
4193
7043
9181
4717
1876
4054
7081
7938
2776
2285
2131
3324
2853
2098
9230
3727
3370
3138
8525
9158
9699
988
4681
7597
6025
7131
8109
2342
8034
7454
4613
3363
2330
2138
9890
5255
8162
6478
3733
2659
989
3748
8011
669
4292
8559
1980
4153
2613
7503
3493
4362
6616
5981
9025
2739
9555
5620
7097
6236
6345
6943
8768
2802
8464
3100
7639
3163
7397
7091
3927
8547
7289
5248
6395
3550
2991
7462
784
262
2210
3371
1978
5214
4177
4430
3821
8510
4230
8243
4311
6284
4945
5067
1870
3362
571
4018
6444
9085
5819
8978
4333
5404
4516
3061
6012
4786
5532
8366
7606
362
3345
4777
2480
9668
9661
5085
556
9376
661
603
5516
4587
635
4340
8658
4744
6940
554
8619
2157
8266
7419
7413
8880
1278
4410
1617
754
4929
9171
8061
9039
6418
2769
5313
9897
9931
4700
459
2283
9484
1708
7344
3784
1784
1355
7295
4321
4848
7540
893
2865
7024
423
9151
6419
2058
4910
133
3113
1947
1156
6072
8219
5637
1104
6191
5856
5709
3498
5661
2742
9896
970
7347
8605
8168
7446
4341
5292
2416
6069
791
4686
1082
5264
3559
3252
9196
3287
1767
7587
3647
305
1576
9563
9365
6060
7633
2185
4209
8589
9437
7090
8986
3245
5140
7462
4126
4415
3189
451
4310
9380
5975
2490
1574
4399
4619
5320
8706
4380
8189
3193
8522
1399
3230
6932
9828
1350
7715
5511
8507
2423
6258
9480
4023
6932
46
5508
2379
4845
1983
8155
1776
8493
5538
2925
9507
8314
8808
5730
2224
733
2685
7860
9480
8961
8215
4901
3264
9658
3802
4307
781
7122
8845
2187
5809
1006
2745
6390
9322
8355
3316
4256
4511
1957
8619
3548
5087
1888
7000
8222
6418
8788
5811
333
1136
5226
8535
1309
5551
8553
3284
6567
815
9506
222
9308
1805
7033
9699
9399
8601
8207
1742
501
790
5642
8101
7126
4136
3148
7562
2836
8889
3342
9349
9974
5879
428
6873
7109
9424
7332
2321
3662
2226
5929
677
1277
1148
8330
7126
7955
3669
329
6265
960
2020
8369
8912
2036
6677
9560
1248
9867
2336
3973
9094
7458
3684
6050
8250
1365
2397
9347
6700
6997
1772
6644
2486
1974
6192
856
5709
376
4184
6901
8853
7938
1517
2466
8415
8138
6420
8286
1745
5546
2383
6386
7692
3218
4073
8595
8442
8526
7124
2244
3265
5434
698
9055
5011
8828
2472
9468
3893
8443
4744
9632
2015
4464
9486
8073
9218
9034
8700
5356
6351
5743
8148
6257
4548
1040
3155
7019
6964
2107
2679
6445
7975
1133
5057
6494
3497
6619
4522
5189
9930
5152
5638
9518
6140
6532
1585
1848
7984
440
2043
3651
5813
9183
4641
7301
1515
2028
9835
3061
9222
932
4874
7798
360
7633
2363
314
790
1093
7778
1669
2577
1302
3603
1744
502
4546
3691
56
1695
6404
6637
9958
3510
8670
4609
6665
7424
7760
8774
4820
7050
5907
3086
3829
6703
9497
5026
8563
1965
2794
781
6706
6433
6238
8435
8573
9982
3224
4750
4487
161
1961
6202
1424
1030
1724
8387
1721
5388
7677
578
7260
1340
6437
9044
5755
6230
2437
5987
6175
2083
8784
2084
7755
1014
4594
4945
9099
2269
3252
1592
7499
4433
7007
2725
4888
6900
2540
1458
780
8085
5912
5905
9759
7543
1765
241
5571
3159
4293
5751
2389
6489
9224
7640
1355
6155
7656
3880
5101
7837
4719
8275
5945
5710
9288
2913
3198
2357
8043
9776
7266
161
979
9738
4781
5769
8164
3389
2009
954
6305
6433
6128
9346
3971
7004
4823
1586
2382
5296
4412
3990
4039
7045
7655
7618
7508
5658
6070
6444
8645
4226
8496
3986
6383
1363
8870
788
5935
3079
35
3613
8475
8655
1863
5045
358
1111
1292
7125
6760
7591
306
4670
3081
6456
6169
1161
6275
2765
3744
1468
7186
6268
9616
9806
6926
586
4612
6713
4040
5306
9937
1737
2940
5325
8027
2726
4427
2896
6482
59
4735
2256
8203
2964
1786
6895
2645
4254
8561
8739
2274
5688
5604
1659
403
1771
1074
6905
5772
6523
6415
6049
1489
3987
963
6416
4782
8611
8513
6073
5004
3201
7955
5341
1030
50
3668
3394
6058
2977
2294
4504
366
5027
9807
6668
1126
6397
8181
687
4478
9476
4754
3240
9432
6577
1332
4935
2128
4532
9285
3068
8375
1998
1491
7633
7172
3111
8118
4559
9635
1485
6936
878
4832
6717
129
9329
3186
2282
8225
1889
5375
8372
360
8796
3449
5135
1227
4492
7229
8429
9804
834
1540
1440
3117
2090
1745
5588
6200
7661
183
7255
2190
4893
2039
6097
6901
3878
2621
8741
3653
1674
6729
6601
3525
4609
5249
7667
7217
4712
4303
6750
9736
7853
3862
4011
1801
8543
676
8241
319
5946
1033
7991
9520
805
4244
1981
4976
8612
3327
6908
9669
137
1455
5096
9133
2064
4698
1525
9133
6583
6799
5232
4637
186
3193
818
8099
3526
9781
1309
3143
4249
7910
4037
5109
1945
1442
2750
1796
159
2704
9851
8363
3771
2714
1417
8015
8807
3638
9327
6640
7532
2823
5033
7778
7251
7247
1074
2909
1154
8825
4641
9954
426
4981
6222
910
5130
2491
600
8245
4580
8325
5536
7114
4342
7210
1742
7475
796
4856
6880
8374
1037
189
9976
4627
6159
4584
2033
463
1333
5263
3366
2030
5105
1609
6139
7849
2346
4995
5359
5857
2991
3599
2426
4428
3076
5602
4171
9993
4594
4664
1463
3158
8403
9982
1430
7619
9551
6437
6805
741
4254
3540
8074
9592
1122
5671
3664
8913
7249
1794
5632
5797
856
1103
5617
6997
9727
3856
9983
1184
7247
410
4360
1749
7742
2576
9958
7895
8745
4888
1308
9788
6247
1676
8710
4908
1700
273
6048
542
6534
3059
5300
2372
1990
7784
8206
3264
5065
1145
4349
6619
3751
4583
5868
861
164
3236
6639
9349
6384
5590
5993
6085
5145
8026
6169
2598
8444
9890
2492
5665
8493
1105
7239
9074
6208
6178
4416
8514
422
2050
1946
1605
8237
1796
8917
9269
5403
1114
7703
9851
6987
3813
1655
6634
9873
5611
3861
643
8205
8285
5729
5574
8687
1560
2997
9712
9386
7507
5140
381
3811
3068
9620
8710
4342
3151
3646
8080
6916
2290
5063
6859
1522
7456
333
6086
5597
2464
5519
1127
5339
4391
2595
5682
4904
2088
9222
8918
9566
3657
680
5676
575
8935
3570
2345
4560
6300
4890
9152
399
3307
1495
528
2175
7926
2338
3702
7532
4766
5549
2735
3312
5677
8811
28
8637
4903
2638
7153
9588
7592
4840
9878
3155
8446
3057
5563
8122
4013
7733
3631
2479
6339
4859
2423
8005
5760
2235
1576
2845
6810
541
7485
9290
7420
1450
7316
5753
5492
5077
9100
7808
4846
6228
2666
2726
5703
844
4740
5007
6110
9820
5312
9827
5402
4760
4916
9176
3343
1437
9595
1568
7312
1505
9450
6239
4767
1700
7483
3844
3029
4328
228
9676
3106
3522
371
9038
6791
1100
1485
2842
6259
4356
1828
5593
2514
9645
9747
2235
7170
1363
6335
1275
1437
4528
9312
9018
6098
2577
6013
1160
1472
9010
881
7674
5320
4044
950
837
8625
3286
4098
2555
9296
2354
2951
826
9346
1508
5033
2918
8318
4769
3539
9963
5193
2957
2658
9770
1240
2367
4583
2736
558
9997
632
9058
2767
3026
1759
2708
8066
9796
6669
5884
2053
4979
3656
1906
6745
9293
1235
5945
6525
9476
2566
1610
6445
6676
3262
6128
220
2614
177
2064
487
6025
7927
7153
9297
126
3269
3630
1992
5641
1925
1187
4552
2921
457
1531
6266
7797
4236
5342
2016
795
603
3806
3346
3978
7408
3652
1044
946
228
1497
9943
7985
3672
1605
5961
9996
5612
7651
8445
3290
5579
7058
4678
750
6992
351
3346
4032
4070
6547
5127
4521
9276
2493
2003
661
4077
1168
4000
1972
7088
7411
8526
8587
7611
1211
3550
9818
2599
3203
6814
7672
182
8000
600
8014
6573
6660
8181
760
1279
8683
5092
5093
3364
8969
5095
1942
3664
9633
8224
5658
9019
4351
4550
3529
8326
749
3235
1298
5005
9398
1807
8325
9271
0
3555
2020
9083
1588
2071
1927
7716
6674
3349
4288
5014
793
7410
2034
4997
5536
1700
8700
587
4358
8784
7207
3443
7403
8960
6639
8173
445
132
880
1476
3214
3584
1127
3802
1960
2443
2107
5191
8787
713
6840
9181
163
1769
9741
7271
8189
3988
4815
4945
3658
3164
58
6311
3482
3200
5527
8888
3820
7727
8029
1903
174
3352
8528
5987
2349
8501
1507
5542
9040
4984
3615
7348
1341
5719
7589
6001
6202
8038
46
8564
8849
358
7659
5562
8384
6749
4352
432
6237
9272
9688
2936
5982
22
8817
8518
4167
4767
1130
1902
1769
8473
2383
9942
8970
3412
3900
6082
2297
3133
2944
2741
5393
5994
9044
9389
7849
489
6133
2997
8219
9289
1857
4168
2193
813
9786
4102
371
4700
4073
3500
2723
3660
3820
45
5394
1760
6110
8926
7272
979
3441
7173
5713
1898
8749
2017
8240
1430
4388
1999
4150
9341
2638
1125
528
326
378
214
985
2550
5905
7829
9129
4036
7191
8768
9115
1188
8539
3475
2761
6946
9050
5942
5398
4912
5070
5138
6696
4309
4591
3579
6220
9257
4568
6765
3920
157
3026
9295
5977
983
8370
6138
4207
2165
5615
8773
3225
1929
3799
8904
2216
3043
742
3482
2672
7519
634
6893
1061
8963
3410
9137
6886
9598
3593
9699
6706
6135
1477
1167
4026
3424
8135
1770
2197
7186
1971
4208
5779
4081
9608
7149
5478
9603
3994
9748
9938
9466
182
240
3126
4078
2109
402
2637
8403
9839
8091
6704
7177
8141
5600
6306
9721
2615
2048
540
2420
3541
4077
9209
4612
9085
6320
2781
8130
6308
7928
4742
6477
5281
7671
8756
159
1868
745
4426
4098
9113
8636
2642
5954
9230
7539
5592
6573
6999
7502
944
3489
5525
5953
6268
3774
9912
9121
4300
3944
4162
8223
6642
7491
2762
6304
423
4456
2232
691
4372
9168
4631
5720
2250
174
2443
4367
9866
3936
2633
8850
7985
6122
9727
5361
8426
7018
2911
2311
7114
704
5808
7584
2486
7735
3474
8785
3471
1299
7079
5912
3882
2133
2280
3917
2895
5336
5357
1933
3164
6832
4044
6868
7316
4493
8162
4522
3867
3883
3579
3274
5369
3204
4083
7416
3990
4865
77
3425
804
7807
6056
6679
6431
8720
2291
8310
4288
5375
6281
2966
7023
8442
2591
3520
8220
8691
62
366
8302
8951
1817
6023
9776
3959
7029
4263
339
5254
9027
1056
3259
3314
1587
5723
6435
7235
4513
3040
5346
4222
8810
7618
2323
6755
9980
1456
2564
1892
587
7987
7867
243
264
5075
1896
8311
7935
6344
904
7869
7552
9066
2229
9688
7242
1961
2647
1413
1969
6855
4643
9674
5804
5028
1566
9286
3257
6057
4686
9779
4116
8978
2118
9571
4321
3728
3024
9010
6810
2237
6625
8719
1339
4829
7323
7734
5547
5035
7044
3169
8021
4837
7724
7784
5286
8819
5732
9739
9845
7501
6966
9009
1387
7027
6786
8012
3514
2416
5580
3324
9304
8377
2230
503
6689
8227
6116
4245
1695
4805
9986
1971
9476
9566
2064
1324
3385
4841
5227
3311
8851
8434
2785
242
2359
5746
6570
4769
7556
6992
3970
2600
9106
2675
1339
2162
4300
4781
6020
5568
7979
675
4330
5346
821
963
8297
4571
2528
724
5952
1191
2692
4540
8745
1214
3383
4548
249
6646
2330
4787
3778
7279
7862
1006
4314
2067
2151
4671
4594
449
678
3526
3984
3749
4337
3749
5439
2624
6945
2505
5952
3427
6439
5383
2684
5384
8158
486
190
3581
7018
6076
8611
616
4303
2872
6262
8382
4932
6293
5688
7715
2948
1034
8171
3138
2597
9356
1825
4697
2201
2272
9128
4254
3096
453
49
4251
8326
9201
5472
4619
113
2631
3779
6948
8851
5679
597
606
7770
5724
3639
6732
3170
2696
2117
331
599
8392
2199
5777
6017
819
3636
3111
2648
9983
8100
1813
4259
867
1514
5498
5704
5363
2080
786
49
8840
2204
1187
4628
6755
5111
8458
6440
7771
9338
358
7794
2085
4994
4283
6425
765
1584
3755
973
5178
3622
8452
4237
2029
1589
6637
3131
3875
3068
1384
369
8187
9075
8478
5181
3461
8731
7810
8763
1248
2399
9578
3703
6031
6107
1322
8732
978
7335
5021
4429
2044
8504
9197
3990
9111
1095
7579
1406
2275
177
2975
3164
9870
9633
7181
4975
9038
1814
8273
122
4208
7017
4239
2901
2721
9477
777
5268
6752
1269
6003
228
2888
7768
3338
6506
7615
6666
261
6317
8082
9660
6395
2013
5057
3243
7290
3047
917
6312
8479
8177
4228
4132
6322
940
1634
5178
2057
8061
2584
4111
708
2014
8253
3531
7861
7966
7457
5120
2716
3055
9968
4101
3914
6627
2194
1752
3174
3861
1720
2134
8192
7598
1751
5403
4548
2551
6143
2390
5855
8156
9348
4792
2741
5901
107
3942
1742
8323
736
4888
4607
9859
5702
4554
9929
4714
8063
8076
5597
7509
9862
8773
6140
83
3822
2075
1320
4608
9141
4990
3689
1662
4899
194
3574
3217
1936
7599
1035
5957
9313
2425
6743
7164
8801
1611
169
2484
8926
8021
919
7944
8376
7095
1228
9792
507
299
6168
5711
8608
2741
5205
8312
1859
7918
4693
7849
4700
8882
3546
9394
8871
7758
656
4872
7459
2785
1720
8345
1395
4402
1340
7397
9340
1523
1894
6066
5624
7667
72
7905
353
1109
6530
1685
1106
6371
4976
2571
2165
9663
8786
7183
6009
6399
8040
9621
9336
2351
5187
7324
9842
67
466
8567
3987
3914
4849
8433
7929
829
5738
1343
2788
7812
142
3479
6479
6201
8911
4932
1941
4361
9682
7783
1064
9733
4016
6956
8220
3391
7789
3136
2230
9061
8230
4543
2541
6311
2418
368
1964
6784
2601
9138
3170
6109
56
9610
8051
7583
4850
5949
7303
392
9738
4620
2291
8186
1351
3771
5283
1687
6528
3328
90
5104
4569
4880
7099
6295
1045
4424
2913
6357
7869
9053
8468
8096
8861
5825
7958
8335
1535
8959
7513
6815
8115
555
6454
5953
8269
8989
1344
5692
9630
2754
2086
1861
7473
8556
1587
8170
4032
4393
9747
5288
6871
6174
317
4110
9079
1638
6197
3298
8021
1117
1700
3728
5054
7687
4814
6704
7280
5174
9329
2827
9808
3574
6867
6924
6763
2559
9813
533
754
3626
9770
502
9505
6380
7859
7482
9032
1452
6276
8347
4920
4444
9883
4839
245
698
2125
1095
5657
7799
4331
2066
7396
9277
5293
5783
8661
2916
9795
8745
913
847
8445
4169
512
2292
3563
6715
7770
155
3823
348
1949
6160
5856
6705
5820
4830
9560
7989
2345
5775
2038
9833
3543
7383
2342
2332
2119
2502
7855
388
1111
6802
2505
4166
6606
5355
6517
6253
8072
8066
7778
3587
2908
841
3445
6919
2283
4754
4012
300
5386
516
4157
5487
5596
5792
3814
9580
862
2190
383
8764
3965
9548
3160
7397
1587
602
4766
8140
177
6336
6451
3524
6314
9459
8876
7560
1398
1960
35
8808
6203
6321
5002
4011
3861
7452
7700
2074
5880
264
3875
1274
4254
9931
7646
592
3852
437
8634
9992
4817
9611
5868
3991
6449
6110
9211
1941
2787
1470
5439
8242
2634
3790
9530
3977
2603
1380
3209
7267
5866
5835
8710
7057
3531
6527
79
7901
7820
7360
4338
7494
1649
9346
9988
5229
3243
4586
2498
5999
2529
375
8548
3823
910
2724
3952
2291
754
5115
4581
3229
2306
9164
8035
5838
4330
2268
5433
3917
4768
9315
1355
9367
6816
6879
7908
7249
7020
99
5687
6752
4135
9289
8987
357
1190
148
7206
3556
7758
6442
4349
5325
6668
898
7911
7875
3282
615
4583
2254
2396
4831
6130
6417
2711
8868
5394
4187
1558
6999
6122
4958
617
809
7823
2178
5961
154
311
2408
8887
1957
1570
9971
5965
1077
9326
8423
5837
681
3787
6721
2376
8410
818
5036
7752
6803
840
7005
4224
6036
4287
6496
6300
1667
6406
2395
3964
1289
8389
117
6203
8428
264
7327
3511
6199
3334
46
2772
3081
3183
5540
985
1264
1882
1404
7693
9359
7245
6894
9387
3239
6951
9969
7182
5330
3739
5883
1989
3989
9616
2935
9455
1918
5683
4718
5673
419
8996
8489
3243
5483
1063
9842
1095
8785
1070
1802
1490
8321
9400
4729
2028
720
3280
131
1397
7907
980
3878
1997
3747
777
8189
4953
7646
5729
2646
5943
2895
6636
1481
2834
4203
1473
8100
3969
3647
2061
1921
8672
7186
5499
1020
5766
9355
3439
8210
5345
884
4441
9994
6677
8998
1478
8461
5966
9919
4531
1166
3862
7674
638
4710
220
4975
8870
7284
5554
1464
2660
5125
9434
7358
21
9938
3035
3299
7414
4253
6117
3414
9885
2067
5430
7092
8146
3614
4462
1410
4694
7063
3477
2618
6358
9797
5458
1676
1244
666
9154
505
8857
1201
570
1414
655
4873
6717
3896
9959
3761
3323
1292
485
4545
7180
7068
9446
8990
6428
4332
8196
9733
5978
1367
9284
7437
4076
9276
7873
9639
6678
7154
3714
5194
1501
2840
499
9824
9054
9268
6182
6788
8043
3747
2440
8581
4886
5497
8378
2187
2930
8369
7416
4164
2192
7056
3484
1921
809
3684
4221
99
9415
7583
9723
4233
6351
2683
6392
5070
7292
6564
4143
5049
4262
9532
3365
7702
3963
6242
3783
9472
281
3998
3212
3010
6766
5501
2172
4271
3810
7632
5801
8439
7232
4538
5234
1527
3299
8745
6375
5857
2266
7337
7385
2644
4126
338
456
6060
685
4374
7682
9341
8108
6443
8201
8351
5976
8714
8626
955
5637
1856
412
5149
5245
5281
1830
1613
5763
7246
9660
663
1948
7993
8288
7943
2150
1527
9699
8889
1474
5154
2832
6697
4679
1656
9623
7842
8498
746
8260
8731
1882
5205
6329
7788
9184
4443
794
5506
5814
5458
8834
8144
75
1313
2003
7585
6200
5459
3701
879
4204
3949
1169
7720
3498
7961
971
8824
7079
7982
8865
75
6009
4444
9178
1730
5173
8544
8111
5745
6144
9775
7485
6329
7411
5566
1592
2633
5454
5424
5226
6964
9867
1158
4016
9094
5723
5750
3524
5116
5606
18
4432
3944
1448
9590
6285
3909
4693
3995
5909
8010
7508
5766
1140
6505
5001
9301
1064
7399
532
5329
2651
2865
4756
5439
150
9642
1323
7958
7096
372
9279
1877
2821
2210
5821
5602
8682
2526
3339
7073
924
9475
21
9515
576
8245
75
6843
2283
4733
9854
6695
9099
7248
9094
6612
9508
333
2153
4457
1966
2669
4830
4196
5468
9965
2493
9441
6943
9620
9776
6695
824
9108
3454
3258
1965
330
2303
4348
3181
1128
3954
2115
5916
9549
4701
9612
596
2430
2381
6271
5064
7212
7706
1049
7347
4129
8402
8240
1440
3214
6325
5710
3890
3391
8345
4606
4304
476
8558
1672
2313
8040
2995
1974
2576
6625
3310
8231
7721
6446
4864
5992
4880
241
9179
9832
3498
1293
8045
8000
1017
8680
5499
2435
1026
9467
4237
9557
2802
3179
8431
1704
22
6635
5188
5010
3004
3458
1362
8807
7310
5985
746
8573
4111
9604
2876
2002
8757
5106
9967
5407
3840
927
8107
7621
2655
6030
7565
4155
4412
9178
8970
4948
2575
3687
735
1604
3143
5335
2411
795
6956
5587
2132
740
6462
1815
5075
2323
3304
2504
190
4136
5737
7492
1771
3025
2227
7763
4114
4405
4360
8350
1163
9889
3982
739
464
1982
443
7161
8552
3465
5686
8420
4310
2577
8272
7581
6395
5938
4142
116
274
9368
274
9162
8959
616
4398
3351
432
4957
2545
3458
2982
3371
3195
1215
9368
533
7880
3787
4204
6495
5272
5358
8422
4483
1388
8533
7981
7
4251
5563
6704
4735
8582
3029
1134
7452
1447
5053
7801
8183
7844
8365
8984
582
6399
1045
2706
357
2214
9425
6990
1470
351
3574
3260
514
2305
1910
7904
6098
524
1911
1170
9169
3008
7137
4574
1730
2160
1394
6193
2705
5267
8024
438
3538
6762
1365
6485
1168
7414
3667
3411
3183
5631
5174
6124
221
3617
7305
8266
8835
3677
9876
5323
2424
4640
8934
5430
1733
6414
3726
6088
5047
1783
4191
4846
6237
5989
235
3936
6228
7918
4891
5099
9599
6857
2507
1693
3059
9470
7068
2828
4689
6665
5700
4154
4641
3166
3342
2272
3940
6572
1784
3869
4397
2237
8712
4583
4482
6576
712
6973
6446
7409
838
1407
6927
284
8321
6317
3050
2922
5546
960
1822
2866
1035
5660
7303
1317
7268
1853
2082
1088
9092
9152
5311
3137
5304
3924
5783
8284
302
3331
650
856
5189
1673
6146
8176
2581
1871
5430
6033
600
224
7121
3932
9343
8344
4234
2478
1002
8552
4521
7467
4744
6613
3814
9806
9827
3887
1247
1799
271
4808
1867
1761
7149
8821
263
5426
6812
9767
6355
3989
3569
3473
5629
9489
666
1422
9244
4902
6298
9219
2302
2033
5338
9880
4559
7369
5759
1797
5747
1176
1275
2769
9401
5211
2942
4796
6264
5682
9407
3307
2227
9587
6979
7929
4185
9242
1643
8034
5515
8378
3197
4602
4108
8991
5964
8056
4617
3312
6195
8998
3092
7477
8679
5267
672
4063
3567
4977
3809
9572
7800
2920
6591
7145
367
8504
1487
7893
2396
9134
7828
2506
7200
6909
9992
2596
3730
9319
8103
146
8844
3761
4021
7848
8750
161
383
8206
223
9955
6722
3331
7918
2347
6018
139
5211
7643
7021
6714
9464
7023
2980
5836
9926
44
567
6072
808
7314
2563
8743
7656
7344
5421
5221
7921
641
805
9050
5257
945
2129
2693
8553
8000
3908
4902
3084
7788
7286
1021
5516
205
1827
7944
2381
7788
9844
1462
1569
3328
8726
6985
5992
8215
6836
9715
3719
6687
6097
6433
8822
3821
723
4299
9624
8832
8023
5654
3677
7254
2147
812
7764
8485
4125
9936
8398
4815
7905
653
5391
2406
2773
8491
47
5195
6999
5376
4538
7474
9556
8932
1018
946
7470
6032
4654
8536
4908
6150
2343
5748
585
9527
5321
2065
6663
6462
3445
7460
8899
3440
7343
7754
452
3819
4402
9255
6556
4375
3053
162
2571
8089
6188
8257
5205
8083
9617
568
8969
6072
5871
8041
4978
4298
7039
8685
2442
2953
9367
4504
6810
3748
9613
6841
3639
2542
3574
4868
3981
7348
4193
4893
9097
3739
9670
1275
8599
207
8440
5956
3839
1820
5142
7332
1143
1959
2453
9186
1491
5113
9019
5205
1044
5871
9409
6373
1279
1973
9353
1128
4647
633
9596
5103
7926
392
6416
4625
419
4210
5615
3834
9933
7051
9323
3298
3378
2587
4090
3800
6005
3938
7336
2342
572
8497
7741
5174
2207
5201
7640
7497
8585
1563
6246
1902
426
1761
4002
7900
2392
3108
1780
6888
8841
593
6190
9208
1437
3959
5740
4213
4853
7294
6025
9799
2136
6180
807
3588
9244
1742
2533
2480
1801
9127
1111
6455
6368
2429
2965
3954
4367
4779
1278
5028
2067
4094
5187
6799
3101
7444
1680
2315
7563
2870
9647
8362
8955
2359
5392
1129
2816
5713
5197
8821
8721
7708
985
4612
9574
8284
1345
7507
177
3410
3969
2357
8255
6639
8984
4605
724
2768
7240
536
7820
2582
1031
3047
9195
9475
9545
1399
1764
297
749
8276
4853
158
5292
1265
9574
4612
7439
6809
800
1705
8185
927
1049
7229
9229
378
3668
3485
4744
1019
7305
7551
2404
6598
6307
9253
3062
2818
9259
3895
8649
2303
9388
8483
8806
8265
4488
386
2673
3174
4114
8645
834
217
5129
8545
4606
8856
6827
5827
3163
4147
2892
2123
1436
1747
4929
1191
5161
9308
7662
9292
2229
6999
6307
1110
1924
2429
3488
5934
808
1774
7955
3201
2523
4057
1278
3083
7532
7347
5912
6707
4352
421
7149
199
3234
4639
8153
1239
5415
8997
9121
9551
4100
6288
3666
2096
4693
8999
9186
7790
7481
7003
3038
267
5365
6349
5483
4669
2496
5759
7706
3401
2717
4591
8644
9960
2578
90
1142
708
1197
1296
5928
1163
970
9442
9275
5593
7314
5626
5522
4269
4469
9890
394
4468
570
7815
1803
6359
6080
4457
4051
4515
6182
2729
7196
8192
3488
4768
4699
1527
7650
9810
6910
2720
6824
9115
6156
5293
2173
1725
6213
5949
7678
2742
8705
4413
6937
7186
7773
8801
4530
4351
7071
5438
8778
2960
3166
4626
6032
116
6296
9386
7572
7134
5304
6028
7026
2561
148
2080
4854
7712
8700
5997
1222
5687
9812
5891
476
6243
4833
202
2118
9907
6131
7072
5186
8360
216
7942
7920
1127
497
4593
2794
7748
1905
5862
78
8460
5318
8495
2277
6146
89
8368
9122
8636
5395
8884
2253
7072
6870
8412
571
5407
3002
3305
3695
1245
3230
646
2050
2008
3074
5415
4000
389
9308
7353
9198
5683
7726
1031
1711
7290
8128
9032
4381
2034
7919
1248
7669
1881
2162
4450
8166
3289
4498
9589
3369
5492
1670
5704
8066
620
1185
3930
1945
1118
1033
1160
1107
9982
9423
6114
6058
8223
4412
4795
9157
2166
6235
6735
8907
9052
2246
565
3664
4757
3913
4798
6794
7709
3206
492
8874
7581
9311
4355
4414
4998
6454
7175
7810
7330
610
3904
4090
8660
3192
6642
9863
4037
2895
5370
2358
1654
4224
6310
872
2867
4530
9968
6253
9021
5782
7677
6189
7401
4955
6951
442
2021
5738
3417
4804
8451
7050
662
9221
6516
6312
2770
4542
8287
487
3981
1645
9601
1672
5351
6380
6716
1297
6704
9063
728
2032
144
4160
8661
723
128
9426
1177
7790
8029
3667
829
3561
7797
2487
4301
373
7768
9894
3837
3383
9767
3665
3796
1607
4511
1228
9081
2854
8442
4196
9213
8926
2624
4148
9251
5698
4602
299
3539
3230
1277
846
1034
4842
83
7963
2041
4453
8658
8531
7972
7688
7626
577
7988
7123
4584
552
2205
916
5818
4721
5231
3061
707
6965
9628
5593
1908
8546
227
3325
1587
1228
8276
8740
6956
2271
8427
2675
3903
8151
3525
7786
5398
3673
5654
7983
9478
3230
1906
6628
6402
3234
8092
6896
887
5393
7231
4442
2003
8446
8243
8222
1257
7320
1728
9901
8728
61
3870
4928
770
7463
4933
5298
8127
7479
1331
4179
4629
4085
8071
9216
517
9971
8426
5535
4391
1644
5958
4984
2767
6402
4923
7928
6108
6604
8377
4238
4018
7453
9752
5171
488
6138
6536
8617
9042
4346
3768
9337
9999
6061
5319
8098
3760
4558
925
8783
3511
356
4924
20
10
1582
6777
5943
4031
4522
7228
3677
7687
9938
5144
9828
4614
2270
271
440
1668
5798
7277
2653
9166
1144
8970
8240
8845
9744
8738
1594
7525
6628
699
5890
1462
1486
3946
3651
3585
5003
8760
6457
1487
7329
7866
7048
6482
2206
3552
7604
2268
5329
7626
7177
1146
4188
6897
6320
7682
8872
8292
1461
8391
9423
5676
229
4808
9104
2015
9821
4448
2762
2716
4153
1811
4656
389
3987
7909
1955
6540
6246
7769
9764
6093
4745
7239
2827
2726
6752
2316
9963
5861
286
2788
9268
6205
1208
6394
4927
9455
720
5323
910
9381
8795
4926
3609
2788
5684
7971
398
5471
2939
9845
5630
7749
6441
2337
1284
5407
5949
4705
9147
565
5563
4685
6892
6673
6615
8363
2881
2448
4154
995
2459
8967
9081
485
2190
1284
4362
6008
8112
1554
5544
1063
6103
6679
5440
6182
1979
9743
4098
8829
4230
8330
6228
6376
1671
5206
4525
2574
8810
920
5672
7365
4535
4745
4060
1410
5588
3357
5303
2980
4358
4944
2528
2573
4505
6950
2064
7853
2756
3606
7168
2219
5842
8016
2034
5163
5305
988
8974
4225
7582
1788
1179
9707
6351
6940
995
8728
7611
8499
8936
4004
5639
8460
5101
1848
4454
6859
4105
91
9074
8739
2415
7759
5386
9075
4956
1167
486
8267
5213
8395
2990
6785
7644
6712
1119
8851
7831
202
8445
6743
4322
9457
8065
648
1896
1590
1361
3533
725
9985
585
4449
5723
7223
3219
4207
8611
2853
6303
6693
8601
2965
5652
2023
1932
8491
2567
5095
7429
868
6142
922
2450
5624
1170
5693
8840
2752
3352
6486
9968
5045
2588
3807
4896
1263
949
5312
3631
6310
5207
5059
7135
2125
4612
8141
9393
8126
3845
9712
3375
1075
5599
2353
9924
7076
6013
5149
5039
6718
9444
2124
9745
1650
3721
3989
93
4807
5311
8186
2923
7222
1444
2717
4053
5304
6927
4108
1377
8599
2986
814
8258
1238
3435
4447
3493
9024
4543
6515
265
8810
9281
8959
9644
9511
6191
8169
538
8338
8272
9166
5441
7129
8427
6763
1968
4571
5285
3175
7584
7264
4798
4965
9558
1256
5678
9250
5114
8665
5266
4162
7582
1771
7547
1097
6670
4495
9252
554
7508
9217
1367
1179
5094
5039
2947
7284
2919
5444
9429
6658
9446
5122
3526
3460
9018
4488
5091
9179
5664
2821
4998
7762
2867
9176
8282
2720
7202
2733
6255
44
562
2533
7658
4151
8410
9560
1725
4490
1601
1905
5917
8749
3123
5894
5406
2457
8913
5170
2746
9545
2299
5353
2318
2592
8342
3119
1501
6766
8841
559
3686
2669
7050
5315
1337
879
2550
7622
9380
9637
5825
922
616
2187
6296
2707
3811
7464
7779
7178
2193
7143
4396
3880
7697
8819
893
2212
4812
1180
6041
9740
1939
9919
2418
4112
8916
9644
3997
4783
8950
1590
3302
5532
7957
2752
4856
9164
1488
9079
9911
2327
6165
1246
8670
2239
6658
7468
4590
7942
6372
6115
4476
7955
3945
8924
5409
9318
311
7680
2458
1548
4947
5773
9740
1865
1109
5941
462
399
5414
2259
662
5152
5839
5546
9011
9513
1782
3411
2664
4439
8474
629
8114
5839
9112
3613
4465
6432
4617
114
142
9614
3360
9688
4803
918
5049
6126
2196
9126
215
8894
3409
7109
1222
6998
2274
711
6532
4589
6679
8779
5311
7532
6955
6436
6833
1452
9164
9546
8825
9701
1159
1482
586
3114
4081
6124
4418
4264
5123
9612
3463
6720
4775
395
6817
9171
3078
7169
6835
7418
7761
4275
1375
2880
6770
5249
4506
1442
703
491
7181
5211
5082
5313
2280
4791
8045
1714
5990
9995
9113
258
5722
2314
1164
1985
156
484
477
5760
7413
3926
9377
1851
4146
6024
9675
2691
5869
9599
9820
7277
8257
3758
8836
6192
5495
6465
6400
9171
4710
8070
8384
7439
5096
5277
259
2921
5520
511
3406
1526
9040
3879
2468
3826
3256
6302
9292
4606
4564
9457
883
3562
9821
6621
8271
8431
7602
1601
10
2017
7582
1181
6061
5645
819
8031
265
1978
4360
434
8248
7811
4132
4557
22
1176
4198
8482
9867
1575
1189
5723
8072
4427
5372
1296
8081
2777
6080
1725
4537
1709
7992
3462
1514
7958
8153
406
8581
2580
4470
9688
7859
9397
7832
5113
6266
6032
7816
8066
7708
8054
4835
5461
5334
4795
4913
4162
8489
2918
2762
9543
7543
1706
2791
2935
7577
6147
6307
9129
9120
4827
8196
2620
3422
3730
3039
4126
5949
8850
9902
6190
4520
310
9853
1723
1557
3307
1814
9447
3047
8760
2163
3854
9386
3144
3983
4386
429
218
5281
7696
4444
9642
8006
1502
8374
9558
7696
1123
3403
427
2437
8888
3974
1901
542
9149
9683
5607
9528
4956
4043
8841
1556
2514
6788
7034
7577
6270
3742
3916
6791
6940
1117
398
834
7948
8136
2273
4517
1458
9578
3444
64
4688
9398
6218
7844
6078
9101
4590
8391
5786
1785
2911
9866
3536
8088
7195
8661
1558
4474
2683
5876
5145
1725
6027
5779
9079
1092
8049
479
4611
1181
9000
7478
1309
4256
8456
5941
5235
1171
7595
4797
3047
1978
9623
682
331
2955
4551
5154
928
3971
1936
1562
6905
6911
8428
9454
6922
9964
2630
5485
6660
6877
9349
6449
5837
8392
9885
6187
7746
9825
9302
8898
4688
7331
3507
7421
7371
2311
4848
481
2989
2599
1325
9034
1026
1283
4783
4710
7868
346
48
2213
82
7981
7682
4831
4833
4311
848
7633
751
1561
5574
4048
7048
5432
3223
6991
3520
3928
4071
5776
9020
1895
1884
2845
6895
185
2809
4403
5485
7147
6832
642
2515
3044
3576
9766
1709
3928
4578
6875
5762
7689
9028
7228
419
4926
6807
1592
8477
9366
7770
8134
957
3013
5666
3396
5124
3129
7694
3589
396
6753
1938
9839
3562
5778
1894
4485
9113
8742
5702
8744
2275
5952
7862
641
789
4676
509
2911
6764
2460
6057
710
9319
7272
82
7626
3987
5402
1407
5432
8920
1537
387
1119
8116
7241
2270
1999
9069
9480
7547
5970
1198
9250
6633
958
3605
4664
5689
1022
7086
4136
7634
2660
4071
9925
5802
9332
775
8458
749
3272
8825
9721
7063
2109
8472
5969
3199
5207
4203
5881
1854
1963
7935
1847
3224
5263
6637
4142
7557
3326
2862
7168
4766
7195
4996
8702
3766
6517
5816
5999
1696
790
8722
7508
1464
7696
3394
8912
1672
2410
8782
4662
6851
5600
449
954
6880
1056
3673
7210
2563
3212
6372
6560
5111
5653
7374
9599
5736
7991
9810
7004
4683
3270
2395
9609
9436
8113
1755
7075
6254
9230
9369
3742
5773
8404
5462
3828
5347
946
8661
1585
4180
6708
8636
9229
6268
178
5079
5149
284
7831
8850
7668
217
2512
7903
5259
1897
3864
8138
1412
2475
6949
2247
1996
1289
5097
2843
6511
3769
1942
7797
7544
7732
9842
8432
5547
2476
7345
3254
3251
859
7172
8496
2045
7135
7540
7766
6101
7
983
5723
9020
4631
3933
668
8410
8602
1691
3469
831
2023
3357
8820
4459
2316
2084
5976
9741
3930
2553
3484
4438
8437
2097
1508
1292
5488
9568
6732
2050
1935
4526
9186
2061
8947
1321
4753
1738
2518
1119
8702
7197
9093
4589
6379
9999
750
2954
5408
1169
6375
4777
5060
9027
7247
6060
5304
2982
7372
1353
9312
895
9118
8543
9938
8130
8277
6141
9204
5396
2796
9236
9468
252
4769
5818
3030
6880
6125
1695
9820
9600
4663
831
7854
3421
1414
5938
1767
8316
8688
7817
1548
6421
4727
2693
6517
1023
9323
8888
366
3482
1564
8598
2775
457
8740
6551
6196
5391
6682
8520
4847
6686
5403
1408
9188
1466
6674
1629
4221
4031
2302
7855
7581
1782
1133
602
6387
1962
9924
3213
2152
6995
5760
6455
4896
1992
7736
2596
8612
4419
4206
687
3385
4666
6896
9945
8728
7322
5051
9155
969
6138
6669
3873
4520
6921
2099
7861
323
7372
5119
6186
8923
5021
368
5432
1385
2024
7265
4273
8225
2437
9287
2754
1991
1645
800
285
9386
7665
7088
1728
2589
2152
6824
7954
8084
1378
1702
3321
2209
3208
988
8397
2090
8700
694
8423
5209
6908
187
4822
7701
608
3743
7118
881
910
910
8166
5066
7254
2529
2467
6947
6480
9164
1934
7226
4449
5803
4333
9029
2812
854
4516
4561
8907
200
4723
9451
880
4040
8199
9173
7477
4849
4916
5445
9236
1943
9564
471
3714
4360
3662
2787
9192
1629
7665
7705
169
1409
2508
9452
2280
5930
9950
2002
3454
6805
8173
5993
2298
6864
9803
5643
7088
6675
1429
202
1182
6040
5985
5899
5235
1160
8507
5724
6593
3681
1794
1899
6929
3434
9505
9938
3897
8356
3833
5185
9216
5968
8643
3832
504
885
3371
2619
9081
485
9439
5124
9289
4761
9741
9098
4331
1419
9727
9570
5410
3252
2456
7316
8781
9505
405
6944
9885
8540
7877
967
4519
6864
4912
7220
6226
1310
3170
5702
7211
8623
3772
9292
2163
6751
6659
718
2545
2292
8620
2898
7898
9075
7394
8191
792
3523
9997
5946
9940
3181
8911
4102
1877
3143
9907
9164
4624
6415
2775
8110
402
4288
5950
3655
1169
3142
4952
8004
9949
7070
5974
2597
1883
8278
9183
822
3023
7206
7098
3179
9613
9435
1607
3311
4362
2068
3169
7657
7819
3537
9534
2687
3296
8539
4055
7168
596
1757
772
6853
4051
5174
1192
8985
5116
6104
4301
1368
8080
9041
3935
3148
1262
3961
3203
8935
4293
7340
5717
9718
8434
3024
305
400
6375
4565
9202
944
9459
4647
7423
5196
2784
93
7227
3201
5815
8580
2059
9260
2944
8924
636
293
655
3560
2988
7943
8945
1672
9668
7692
4121
5436
2201
5227
9833
9922
618
3180
7088
1499
7596
1394
9435
6595
467
6870
5590
6126
6101
1302
5577
746
207
1782
9104
1183
2245
9142
6349
8268
9840
1810
7967
553
3399
487
8139
9741
7277
5484
9685
3115
340
5943
5011
7972
5715
2380
7916
9071
9624
7394
8343
7191
1699
8892
2550
8080
8361
5772
4173
302
9448
2894
9347
1335
5218
2779
8306
1145
7992
7805
6766
7825
6831
7073
4637
6937
7247
6490
2570
5070
6240
8322
3720
9318
8842
6764
5838
6732
19
4000
9909
9662
2663
1399
8866
273
7015
4640
5700
3597
157
7435
8551
5286
1781
3994
5850
560
9370
3367
9667
7895
4167
4596
1578
3757
3243
6932
4329
560
6200
6278
921
5980
9205
6356
5844
3915
3613
6791
2359
8552
5899
3190
2869
6435
8197
6818
6078
4321
4514
8745
8455
670
2668
2464
7465
5662
4837
7075
4351
4015
714
287
8883
5346
2074
7984
5000
4947
7727
3842
1828
3705
5166
8036
7752
4878
1205
7250
6180
468
9507
3883
1375
2772
1700
5188
8150
6367
8135
7078
3032
1245
1301
3237
3459
2431
7929
5685
3142
692
3880
4932
6801
1547
9634
6900
1095
2473
2101
7905
7155
3309
4621
3536
401
9274
2843
5914
2979
9024
7153
2350
5329
7649
4349
5657
441
5159
6829
574
5497
8938
4445
7496
4692
3977
1272
3014
7762
3326
4665
4870
1051
4078
4289
8971
8363
1783
9601
9963
7865
6768
8104
4205
6941
1410
8127
5405
9316
8038
903
3574
6163
1327
5780
7044
1627
3055
7922
1050
3913
7534
7838
4647
1475
2241
2190
762
8147
8380
5930
6126
2438
719
6886
2784
558
10
9983
5628
7524
6734
6248
1840
4460
2405
8761
2250
8259
3642
3458
3284
7916
9320
4015
3828
451
7237
4876
8049
516
9387
9738
1592
6532
3085
8499
442
7950
1042
861
7832
1760
9532
3682
856
3272
8854
695
4973
3236
7962
1903
1161
1346
9303
1326
8390
1132
4166
3477
75
4527
6927
2147
7229
7784
652
1602
8360
4732
9517
6632
26
3277
7668
7679
5224
9068
8358
8270
5153
9941
3225
5001
1150
9617
5910
3313
307
6244
4045
2209
656
7843
5289
3858
5532
4355
7872
9027
1776
8733
3112
5055
6776
2138
1113
5800
138
2399
277
2268
1567
5033
1188
167
1100
8658
2106
7643
4420
8700
5091
3089
4130
4742
1676
8296
5510
6657
2865
8610
3226
7386
9024
6619
540
3677
5847
6454
1165
6880
4607
5910
9183
5672
2389
4721
1537
1983
5498
1335
9662
9299
7586
4714
169
586
8255
8904
691
5202
9232
3098
2085
9205
7031
6974
1940
1167
9656
7460
7857
268
1451
1855
3
8285
6966
971
8550
8748
9087
2218
8859
2940
35
6326
4094
8105
5479
8120
7220
1607
7200
6662
363
6841
6597
5519
4011
4003
8782
1345
1137
7514
1170
8964
5450
8387
1741
4043
1712
128
9698
9246
9188
6374
9471
7238
7620
7656
7035
4322
2288
8584
5370
6675
957
7109
547
1370
8315
3076
1168
7480
5924
5832
3703
5000
4774
7913
951
8408
8417
36
7091
5657
2200
3279
275
6745
7840
6439
3846
4751
1165
4664
3271
8897
6522
3519
9038
8662
318
6804
5301
3665
5318
2678
8071
3327
6759
1786
9685
5853
2651
4014
8238
3463
839
584
9923
4580
5294
998
2294
6711
7637
3894
2700
3846
1975
5824
561
5870
7266
2842
8855
6079
2393
8109
9292
2352
7185
7253
3853
5284
3719
3721
4558
4670
3246
3211
1799
8060
3255
960
3943
1234
717
1794
9337
4958
1502
6531
5549
5971
8160
910
1165
1861
4468
974
4632
8226
7296
2718
6668
6425
416
7935
5177
7284
6284
4017
1509
8327
456
1009
4549
600
5318
9084
1753
4328
2628
8169
7811
7866
8185
875
1157
7787
249
3039
3169
2422
8282
9115
3806
4683
2390
6458
739
3896
3816
5828
2598
5599
4518
4382
2802
6253
3294
3755
6945
1070
3042
5667
6155
1593
2054
3798
685
1000
5044
6365
3262
8793
229
1909
6328
4872
4522
5713
7413
3913
2778
8689
1053
1899
3974
7227
7019
9088
2005
3743
9249
826
2825
3450
1004
9082
4801
1493
6920
2008
8169
3143
8887
413
9834
5105
1005
4298
2191
5084
6491
6735
3475
3270
3810
107
3367
7118
3529
6281
7961
7981
7098
4397
9370
1671
6029
5285
3576
383
9145
9113
8278
1172
4939
863
7420
9132
3445
8195
2982
3670
7215
9594
2153
2507
4897
3657
5639
6618
3102
2896
1619
4356
4307
6436
2348
7620
3559
6651
6780
2360
7807
4738
6660
6672
6288
8130
6268
9875
2280
8798
2493
4623
2570
7307
6494
2370
1052
2649
5923
3498
4716
3805
2468
6556
761
4588
7580
8874
9531
9132
9528
8677
3822
7190
6699
9896
2059
9622
4197
1547
665