397
4597
4296
1169
1572
5519
3633
2132
1207
5010
5664
9927
7508
1796
5966
837
4503
5205
7051
9769
9435
7894
9343
3931
1701
2014
8526
858
3121
7958
342
3040
2452
5728
9208
4061
5652
7827
7792
1126
1204
7964
7110
7978
6339
9123
3580
8471
2618
4981
581
537
5246
6022
5959
3699
9008
5728
2016
3653
1570
1442
2646
2012
5773
7928
1844
8199
4072
2453
2519
6818
4516
7948
4651
4040
9236
7059
7694
9168
8296
8575
2958
6340
2502
3514
9895
9173
9690
420
7613
6476
6813
1060
7936
3608
1607
8957
4519
3560
1300
1864
6777
4274
4598
4621
2886
7710
1389
9683
1726
1031
60
5245
1130
9282
7109
1833
5392
1989
1103
4183
7843
9011
1892
4107
4489
4003
660
5369
7988
4685
4808
1334
8467
3221
314
6528
3955
4605
4842
4821
2475
3389
7693
6149
6602
8868
6465
6323
8088
713
9399
6129
6669
4875
4137
9035
3809
9684
4400
8860
2799
9710
1820
8504
8131
8887
5278
560
959
6694
145
3697
7887
3962
7035
8809
6383
8934
3159
2467
5374
2024
6616
840
9705
7741
5506
1482
6280
9886
9362
8374
7222
1197
1341
1276
6570
3540
5960
5026
4839
4411
2859
697
8084
6630
6618
3374
9219
3244
7693
8860
9207
7412
113
4404
9504
7191
4769
478
8949
143
4054
1103
9248
3593
6852
7315
3484
1992
5601
5619
1249
5290
3049
630
3128
4448
3671
5130
7749
1806
7609
9824
3762
9793
5964
5525
9386
853
2569
7012
5751
4141
6309
6089
2264
1635
5805
9324
6711
1318
4617
4952
4654
8239
2897
2291
9459
8773
4283
216
576
1189
950
7300
4998
6243
575
838
7780
4613
7950
3194
3217
9080
2396
7714
8287
5857
8295
153
4446
8834
3367
6026
3479
4605
6458
6851
6094
8704
8828
4492
325
6708
4824
2509
9650
5032
5900
1480
5121
2076
4692
5979
9238
5104
2588
6574
2679
7674
8566
9464
7532
6351
4595
3925
7598
2324
505
5231
3648
8915
1263
3801
9988
9206
3966
6177
6288
4238
5189
857
194
6959
5948
4869
2146
3649
7325
423
1985
957
1322
6310
2825
9457
7653
2517
7986
9140
7666
8025
6600
9121
3389
6770
9886
3253
7444
8970
9973
6517
7524
6978
3606
2827
9980
4131
5896
8697
4971
6179
5080
9814
8738
1614
6922
9553
2011
2912
7440
7346
2131
219
6754
4640
2877
4392
2922
4169
6241
2835
6517
8311
2962
3300
8398
7487
6213
3779
9680
5613
5076
7124
290
4665
2289
1429
8995
5011
8811
8098
4721
5859
3079
4511
7136
4725
9875
1856
5072
9057
5735
3081
1247
1578
2836
1741
4263
7880
9311
8935
7720
5635
2450
5174
8000
5729
5495
4591
9408
7768
4127
2752
2055
7131
1514
5475
7528
9968
2580
5857
3973
62
9068
9689
6636
599
3883
4427
5966
8809
2595
5152
869
2022
2362
2263
9606
7128
8568
8834
8999
8578
8174
2988
8208
4958
6694
4738
1856
9161
4634
6244
1479
2464
1635
3109
6332
2235
729
5655
4684
7660
2255
4247
9149
1706
4238
3929
6278
3047
3390
1606
2390
2860
3896
9902
3081
1389
7405
6912
4067
5067
1629
8277
4353
111
6793
8907
9067
5616
1677
5043
1790
8997
2622
3905
3902
3729
2167
244
7954
9767
3918
2467
7329
8135
8347
9930
2265
6448
4630
3967
6927
6491
4491
4921
2642
4932
4714
8434
2652
226
8953
1604
3658
6743
3005
1447
2825
8119
2734
263
7507
7128
2489
1628
6563
3327
9095
4792
2671
1373
5669
5217
1962
1348
8040
4476
7480
9585
4405
2372
6242
6097
9804
1939
9936
8802
6130
261
1672
4528
6625
6598
2971
5147
1188
5701
1905
801
2366
9702
3138
5770
5966
1930
6562
9654
8682
890
9903
507
7579
2991
5819
1799
524
8982
4406
8713
3434
7245
7010
8521
1444
3075
20
2252
5375
6725
9845
3179
369
8681
9077
6125
7802
3981
5404
4419
6075
1389
8229
423
8478
8303
9437
505
8934
4293
9086
9988
7909
6358
7496
1725
429
4989
7536
2153
3687
7868
1811
3932
7883
1492
1261
4247
4378
8446
8896
1439
1385
3677
5075
5586
9605
4286
3722
2968
9333
5497
4099
1417
8396
8452
5550
4011
5017
9233
2305
4309
8885
6715
8230
3897
5135
6853
4247
4912
2002
322
8249
531
1807
7632
3503
4228
2847
5051
7924
1862
83
899
9855
401
8261
3397
1340
9872
7648
6340
6544
729
6841
8444
1058
8864
3409
7101
9908
9511
761
3654
3234
2839
1717
3336
81
1783
1078
1189
8337
6442
1757
4127
3850
8396
3619
8070
5332
5250
1622
4525
1588
3568
6305
5406
2570
274
4541
7338
20
2420
7153
533
22
1816
4308
2244
9739
1636
8867
338
4511
3631
7836
5057
1089
7422
7710
3642
2302
6001
6494
3757
1844
9803
8760
9524
9796
2573
8251
671
123
4126
9644
9186
6221
58
9903
8531
1066
4699
8762
3885
691
9324
3557
3101
6552
1151
7555
2241
1112
8317
7765
9808
3928
6806
9309
1870
3525
7805
8289
3393
3573
5844
3149
8294
1154
3058
1810
1604
6191
3242
3846
6622
6890
7685
2305
2137
625
7591
3116
4524
995
1557
3106
9541
3619
8385
6477
4537
7514
3110
7208
8389
6243
9761
4406
7923
7929
3440
8080
6860
1610
377
9563
6284
7395
9433
6978
6882
5727
4925
756
8853
7994
8441
7356
3983
3798
2962
2058
9461
6221
5636
8545
9243
3847
5785
5775
4731
9547
6864
6295
9234
910
5959
1288
685
3061
9456
2957
3831
5184
1703
875
8369
1348
4300
9055
3251
1450
7915
5060
6134
9015
8454
3232
8394
5938
1941
4638
7534
8038
7661
3440
5256
7392
6878
8809
1842
7174
1780
758
1002
2576
3606
9869
4253
3037
8505
5977
1771
4354
8584
3187
1336
7279
5444
7877
115
4795
5224
5523
6168
7149
1780
751
7200
9177
8732
8641
8827
7968
8991
1524
9309
6924
4684
5257
748
8636
4838
8897
6953
5545
9055
9096
1870
715
7951
7624
4884
4972
7881
7018
9006
876
7890
7205
1930
1400
8927
737
8811
415
3831
7235
3796
6345
770
2351
7329
1596
151
4087
5355
1326
7304
8378
9933
48
9348
7059
6720
8516
6821
4682
3962
7900
9630
1615
4679
7506
89
4244
4535
3886
6035
3189
4653
242
8375
5718
7515
6186
587
915
9870
19
4864
8722
375
8505
747
5773
8585
2835
2664
8779
8704
2318
3514
849
9424
4605
6347
1255
3790
9151
4594
8188
4998
243
2226
6735
9551
692
4639
3697
2879
902
3901
7401
570
1373
594
642
2545
7773
5778
5804
7449
4216
2093
7070
3812
2420
5445
9554
8111
9778
3050
5620
5307
635
7289
3072
1103
6227
7880
8105
1018
3469
6148
1684
1743
9711
8036
749
7653
8375
2255
1692
1985
4057
9384
7435
9343
3805
6492
2890
2506
5841
6086
4361
822
7199
5441
3836
6655
3889
637
5415
3329
4544
4206
7971
1738
3403
3348
6881
973
8789
8069
9243
4721
8925
7632
5462
2611
2098
9163
4222
7109
7690
402
7928
367
1471
9533
2860
1364
8905
9058
9541
2506
4920
1833
8283
2709
6367
9389
1610
3824
8260
2329
4227
6017
393
1393
1951
466
6334
9019
5541
9098
2170
3251
7809
748
9338
2924
3041
2421
6238
9077
6458
5330
8037
6050
6696
1808
6840
9483
3704
4258
5885
3399
2958
8672
5724
394
571
5952
5646
6554
368
351
8773
772
7037
3696
8779
6237
8817
5730
7729
4320
3963
5312
9963
5680
5664
7360
7500
8029
6338
8132
5802
8839
9027
1037
3120
1500
8513
4117
2385
8265
5473
3620
17
130
2246
2608
1692
6580
9728
7497
8155
6044
3931
8042
4707
990
4575
5541
7875
4377
4684
3552
3788
8516
6014
9301
1343
1017
5102
3556
935
8338
2879
2179
2854
9294
2174
1080
3306
2424
9588
9784
751
9402
1163
1925
9955
8937
6414
4704
17
9424
7128
265
6227
5903
4080
8638
9773
2406
3979
5404
3414
1435
1098
3242
6942
8656
3451
862
5001
500
4175
7368
1897
8200
5091
200
6424
4881
9618
6194
6977
6733
7844
8970
8337
3081
3709
7041
8785
8208
1051
7748
4177
5127
1118
162
4790
2702
4355
2596
9428
3123
8832
8985
9969
6737
2948
765
628
6734
858
4374
8735
1338
8326
3902
3199
4638
631
1077
609
6681
7947
487
3888
2433
6564
56
1481
1024
4444
8811
7942
3036
2009
2603
838
6592
5830
9126
6717
4061
4967
9618
5213
7020
5041
5749
9581
6897
7804
7207
3173
6104
5513
6580
5277
3418
8433
9281
2611
5900
9809
2673
5767
3566
1690
8328
3257
1296
7499
2605
8114
7387
5130
6020
1167
5276
8173
70
533
5322
3347
8151
3372
8373
6316
4811
4055
4396
279
5831
6648
6879
6116
3874
9128
4695
8445
5228
5307
9522
5832
2947
4751
6420
1852
844
929
297
6763
7985
2797
6455
9583
9363
7549
1703
5019
1612
133
3210
7187
8757
1030
3741
1469
199
3418
2538
6481
4458
668
6808
4177
4868
7903
2152
4530
9771
9
5006
1053
5383
9456
9099
9754
1389
7494
1842
7817
5167
8426
5960
6370
2556
6428
1557
5606
3537
3423
5991
5226
8866
1326
17
5743
6405
5262
2010
7976
7424
8121
2515
3355
439
9765
6086
5441
2525
1442
5660
2918
7486
2696
2299
3469
8247
6636
1207
4503
8058
8234
8548
483
8025
2878
1830
3703
8397
8339
9693
6961
570
1252
8924
7419
3096
8573
7508
6925
4452
9739
497
1460
5983
7128
9318
784
773
3092
6219
2616
8597
3806
5545
3691
5833
3352
9080
2434
6246
6639
177
6927
5448
5817
2212
3415
5317
1605
3662
9278
8022
4772
1974
1319
1567
274
8020
7534
1719
393
5714
2784
1982
3832
8671
9458
3017
9535
9051
5912
4424
2505
761
8976
9928
3922
5788
3569
4972
1275
1063
4929
3754
888
1035
2365
3259
3674
4323
622
3169
2762
2364
9978
990
7771
2336
646
9052
3729
6335
3673
7658
1714
8634
3094
1396
8460
5680
2499
8309
7838
9358
8027
1084
7451
429
6564
7758
1768
9821
1629
2336
702
2484
9072
1886
6829
6923
7495
1618
6363
310
7609
417
7519
2765
6837
5727
4912
7912
2736
3220
2231
5591
6859
2672
2946
5628
86
3202
1362
1488
9684
2757
1621
83
8081
2443
9294
6558
5652
4016
331
1121
1114
7529
4533
7278
7065
7202
3929
1591
8427
6986
4163
5567
4454
1638
4924
1377
1575
6102
313
7058
5981
1898
1574
1485
2972
2998
2109
1109
9764
8017
8615
5431
2649
5381
6881
6030
474
5014
1490
7458
4343
3811
7914
949
9893
8947
6968
7923
1385
7207
8656
3524
3165
1025
4166
5194
8874
1626
7052
6296
290
7189
8216
3672
4420
6603
3152
9029
2487
6386
472
3845
6602
985
8805
4193
4290
2758
2147
2326
273
7967
6374
140
2820
7976
2145
748
9526
5103
3409
564
228
4143
554
4356
8512
7391
4018
3823
6913
7843
8757
2215
9247
7392
5225
5496
3711
2466
765
8749
3452
145
5556
8017
7457
9632
6254
9933
2214
8566
6215
5343
4570
4204
6710
7158
5253
6143
5884
162
4355
3644
1642
8982
1221
2753
2261
7441
9176
6789
8125
8369
5089
7233
4622
4616
2105
3517
3062
4995
3810
7831
8815
404
247
9741
1349
2189
6761
9989
2030
4176
2549
3027
8207
1955
8369
3392
3333
4513
5722
2480
4425
8068
7038
4961
1395
7969
2448
51
565
8563
2484
4991
8365
5448
5208
9583
2513
9738
5203
5477
7059
5655
8172
6418
2531
5251
1856
9302
6706
6026
8896
7017
1031
2521
7695
1675
2601
2231
5421
3814
4980
4403
1584
4755
5829
3861
6948
2366
9646
1716
7698
3726
5437
7595
3219
6056
4412
5203
4012
423
3825
1689
1892
7595
3248
7030
5073
9739
5166
5941
574
1497
4536
5140
4061
9030
8502
7101
5807
3841
7544
2146
5389
9803
7989
5163
4192
6781
8191
9618
9856
6556
9037
5741
8624
5377
8741
5416
5822
1987
2705
5856
3003
2687
5996
4065
8045
4265
5379
6058
9025
5512
8126
4524
9622
6622
225
8035
7134
934
64
6748
1058
9402
6749
2885
1788
9887
2887
163
7286
3421
8506
5341
9435
4929
7062
6030
7773
8483
1113
297
9565
4778
6201
8443
9877
390
2935
8663
6150
4380
7486
8600
3925
5948
5039
4186
456
2621
7799
1749
2445
2312
9999
5133
5518
1599
9173
2910
5392
1281
7468
4115
9084
4174
3223
3894
481
980
831
3085
5925
4885
8260
8123
4013
485
2543
960
9249
2812
3666
2886
2949
710
2962
5706
6937
5795
3703
3244
3424
7920
9884
2302
9465
569
5434
9957
8419
7973
2418
9821
3554
6468
889
3791
3811
9509
3319
3090
4647
5671
3629
8897
3870
7359
9495
3939
2052
9683
7410
5484
6970
2735
210
7353
5691
2025
2205
8570
9489
6977
4888
6324
5908
2144
6423
6158
8571
2586
1763
3112
1391
3179
8043
2
4484
2085
6835
1522
7449
2033
9505
4050
401
7669
3395
914
4136
8687
3915
5400
5622
6217
7547
2321
9966
9881
6837
6680
5904
3463
197
6455
8868
4678
244
3142
200
5888
7306
900
9354
2842
8424
7809
6669
2586
3991
2795
4089
7350
7237
2276
3791
3188
3773
8802
4434
6623
9061
3936
2412
4166
8327
182
5429
6311
2208
2021
5219
2226
5353
9547
3279
3301
2241
8195
4397
3427
5007
247
1007
3224
2280
5221
8062
7211
6521
6548
2309
2349
2991
2633
1341
3418
9096
4075
4972
8663
3960
8732
9957
2077
2529
6545
4441
1551
7764
3186
4603
612
7172
1179
3939
5267
8364
1768
8241
8873
3206
8061
2900
4514
3856
9553
3919
662
8359
717
6506
6894
188
6827
6193
8698
8809
7845
546
9563
9082
9907
798
4042
8439
9499
1269
4008
3313
5286
9336
8407
5963
8637
3784
2140
7060
6746
4467
2055
9349
5122
7255
1802
4196
2889
1611
8543
5121
526
1163
7737
6124
5424
9908
6298
7845
3611
2107
5513
5481
3172
2615
247
4846
654
6559
9783
9655
572
509
1782
934
338
5080
7203
2640
6302
6372
7410
9071
2978
5132
6074
580
9833
4146
8220
7116
6348
3955
5560
4351
3599
49
4112
6517
4165
2949
3813
7794
4782
1741
3052
1926
5977
6205
303
1012
6779
6049
6087
1930
3844
8750
3557
5694
9759
1241
3369
3195
1214
5612
3489
9561
5873
268
8154
7548
4863
7037
324
5399
9874
9027
6824
850
2344
797
3707
7897
4537
656
6737
2133
5816
7544
9938
8860
7073
3448
905
1832
1676
2997
9744
7129
3367
4553
2779
9128
3389
4021
9492
2495
7827
5177
1752
2990
5962
7889
2097
9611
622
9122
2749
5655
2489
6725
9051
6144
685
9899
9925
7406
8518
1028
2408
7338
9433
4211
104
2952
3963
4935
101
2625
9232
6886
629
4926
5860
7895
369
9978
4939
5032
7355
6538
1966
8744
6750
958
9139
1976
8285
1264
6642
5577
6713
8803
5506
8018
7706
9525
7760
5596
6418
8066
9070
9403
2709
431
1025
2409
1093
9970
2078
8035
9391
9581
650
5327
1416
7729
5884
6101
9489
6298
9477
3508
21
8878
4484
9025
6825
108
5201
8809
4132
1076
5066
8797
1250
3676
8531
6601
1270
2469
2366
5663
2693
9526
8390
5135
7084
5004
9986
1021
6259
99
2726
6001
2113
5212
2946
1829
7215
9088
1054
8516
2511
8177
839
1881
2029
6443
6528
5641
4920
2695
589
2969
2227
1241
5794
127
8812
7759
1644
4133
9367
3082
1504
2784
9077
5508
3859
1094
5130
4289
3758
4993
8236
3470
1890
2320
2907
1234
3184
6037
3259
6431
9525
5662
907
4451
1577
4459
8577
2165
1315
8343
8270
2398
9500
6114
8830
4043
9907
5656
9961
7259
3659
7557
4940
6375
3063
6786
4171
319
1071
5979
5491
2125
7916
5245
7047
1001
5048
5144
1234
3799
1464
1173
6820
7159
4541
4735
2485
6689
3270
9191
758
7538
6754
9405
3340
2721
602
7829
4919
9541
6869
2584
8281
1648
3056
3430
2412
6778
9927
9561
5898
5956
3140
504
8949
151
3359
1319
7450
3987
9851
9720
8088
643
6616
8713
9544
4683
1218
6547
7094
8716
9196
4791
6192
1631
6098
544
3317
8614
382
5029
3830
993
6605
7975
6679
4208
1572
1858
4055
2579
6718
7020
8207
3054
9469
560
4863
617
2530
7148
4272
2690
5125
6691
2512
2436
204
1721
4141
7951
9572
5184
1536
5604
5015
1155
3160
7839
1697
6056
4998
9656
6768
3094
3633
4216
6545
3158
805
2494
3428
1995
2356
8454
8649
1811
4147
4267
4569
5654
6483
5578
6932
9469
8876
7563
3670
6728
1648
882
3161
6017
8353
3891
5123
1256
4458
977
7906
4358
797
1510
6700
3836
4250
2861
3666
1154
8029
9090
9794
4942
5
4899
1484
2882
2565
1542
7681
3802
2758
9261
7897
8816
4178
4679
3714
7265
6484
782
4228
351
5337
5661
5999
3399
2990
2660
4540
1487
5055
7333
7626
3231
655
7119
9290
6315
2049
816
9268
5662
836
7912
9868
2423
2135
4892
9273
7572
4352
7908
5549
6350
9289
5098
2556
6078
3148
9100
8282
9948
6884
4056
8722
8407
3043
2446
1926
2317
9640
4407
9899
5447
3621
2019
8096
5341
1069
1596
2926
7681
9685
3719
7683
8419
5602
5641
1914
2098
2727
3058
497
4119
8696
727
7170
8197
2523
933
7791
9971
3178
7652
9785
1223
4241
4321
5013
539
4982
8262
9417
3847
8584
5799
184
3249
4249
7939
2259
9610
1408
1350
9897
6089
8754
5705
1019
2067
5742
3214
9256
6229
1391
1285
6151
6106
5853
8916
7372
9229
6925
3920
2952
1520
6118
6418
9214
1547
3791
6743
3042
4476
4359
9112
2201
7985
1542
5416
8339
2366
9024
7989
451
8381
4075
1283
2871
9929
1500
387
7353
9495
3938
4541
5595
772
9656
9098
6054
4762
6363
2921
3707
228
1252
1581
612
8087
9884
4094
89
5052
9174
7616
1156
3134
4640
876
6688
76
7420
3413
2732
7701
2784
8031
806
9337
1935
5526
286
949
545
5657
6643
4297
7235
169
7524
2480
423
3404
5737
42
3649
4999
5501
7188
8645
9933
7370
1998
8463
9123
8662
8595
5207
8439
5322
8273
9341
8271
6428
8632
373
1711
7109
5253
6129
1031
6774
6270
770
9579
2513
9737
5945
1615
5412
8575
6662
741
9717
558
1917
9479
6321
5904
2360
6562
4270
4013
9425
236
9641
342
752
8813
9940
9472
9224
1212
3252
4053
7197
8818
5253
6600
105
2867
4319
5114
1806
7888
2700
4945
3076
2992
2092
1973
4074
7510
8702
702
479
9839
409
6819
4940
8923
7430
4672
806
3915
7730
4826
3053
4783
2446
6161
9749
1539
1883
5236
9313
8470
439
3923
6191
387
9649
2439
2693
5888
2490
7794
5423
1110
6178
262
6445
4558
8170
7601
5764
2649
8224
986
3007
8379
3511
7493
5919
3301
7465
6897
7221
4284
1799
102
6523
2104
4784
7687
2993
7116
2159
3618
8843
4453
6032
5571
7503
2560
9274
4442
9814
309
4803
8338
5690
5789
7812
2714
7026
3395
8991
5768
2816
4238
5239
2233
7414
9462
2455
1513
9428
1821
4933
8244
3762
5865
5612
270
4852
2454
987
7927
5767
7762
4083
8670
3020
8839
3764
5287
4220
3028
8929
5945
4144
381
3537
1986
7316
398
3544
1295
5569
7684
7181
946
9165
9670
7265
9128
9121
8582
6987
713
6344
8917
5018
846
3810
3938
1230
3683
1586
2069
1663
9214
4736
1282
9297
9515
3128
4142
6592
6739
5033
9860
4073
422
6330
2979
3636
6457
9072
5730
6795
6218
5381
2361
2925
3131
2854
9556
5915
4084
171
6178
7253
8074
5111
3319
4631
4111
8520
384
5266
3630
9790
9158
5550
3201
3607
2051
2080
8128
350
6147
4319
8768
8325
2932
4076
6290
3181
7907
1471
1608
4876
4754
9223
7905
1866
1608
5989
7215
2983
912
4
2785
7923
7483
4552
7405
5031
522
4106
1099
483
4229
2279
2484
5008
7499
8124
4808
9529
2248
6461
6728
1412
1082
9866
281
4106
6535
3298
8114
9325
1101
8689
592
7894
2413
9010
7646
4094
6722
3465
6187
5980
5152
1800
9599
3198
5201
4157
6776
1891
6985
6863
6332
7765
3760
3461
6593
6815
6858
5497
7916
8924
4755
5097
9299
8077
2444
297
8185
5037
9037
8817
5496
1948
5567
4849
4390
3202
2547
3238
5811
6055
4121
7737
6938
7358
9335
9719
3185
5883
4588
1740
9243
1975
4558
5936
2369
7142
5187
4886
66
850
6728
872
8484
5722
3572
9977
2064
8686
8585
9139
8572
5415
6517
9021
1357
1296
8723
6905
4384
8219
7924
9982
1298
617
4300
8854
7222
8578
4934
4863
4572
4335
4455
6801
1416
3637
5285
167
1222
5088
3257
8658
8202
6472
8196
322
9953
2731
8496
8072
5190
1170
5573
7433
7027
2205
2697
8358
6517
2582
2419
346
6802
2295
3068
9203
2541
1349
7457
3300
1381
5409
9995
700
2319
5068
3157
1141
9543
590
2364
2132
3609
3766
7866
2575
734
293
682
515
6356
2448
5110
7011
8939
3115
5637
2451
3428
9232
4356
899
9284
5561
5075
603
3979
7658
52
7501
9774
8600
4555
7233
9977
9316
9296
8712
2769
1447
2760
8876
3970
3118
4796
2557
3506
5103
4504
5637
5584
5741
6669
270
5143
6164
8265
9264
679
6213
5662
8991
3641
645
1158
4230
8971
8347
160
8263
3593
2083
5322
9275
4460
4451
8057
7957
2442
1748
6210
5430
5481
5900
6101
3991
6513
1597
931
766
7584
2104
6080
7042
4198
95
8883
7039
9946
3528
552
2919
6343
2012
5043
4634
6857
6643
129
313
3668
8969
6925
2102
134
4350
2847
8840
223
130
4049
3062
1386
5128
8604
6553
6421
8855
9815
6284
3708
4166
9688
6029
1988
4771
2061
1226
1637
280
9833
308
2799
4606
8280
5697
3331
2134
1386
3126
6140
8529
1514
3108
9792
2029
7615
5434
2900
35
7320
6894
5914
2347
3721
425
4008
4828
545
9475
8912
4087
2263
1827
257
1708
3059
5719
7057
9956
3363
1049
3401
9140
5399
552
8937
5573
6819
8107
4744
2291
8221
362
763
9653
7828
3653
8672
7662
7370
6875
2033
6596
5943
3981
7644
5941
1255
3678
5302
9312
235
352
7994
7107
3967
3111
9988
1767
4932
7224
6016
1959
7550
5168
6606
128
8293
9319
3856
7119
171
3257
4554
3012
1896
6738
9986
8747
2975
4517
4402
3204
7310
4443
5780
8906
4029
4070
5541
2234
4004
9297
264
5820
4804
2867
9367
2734
3358
3776
2125
7444
1411
274
7978
4458
3831
2845
2933
3574
1219
3753
8863
7644
7284
6963
8424
689
7559
5390
7799
7009
2167
9400
8538
4730
2796
1804
5983
4471
4380
6019
4453
5255
9417
3020
1796
2984
8679
5036
9915
8989
4548
9040
1959
7377
3606
8439
4882
8426
1384
6341
323
8700
3964
7521
9506
2067
3580
8277
4889
5939
5737
739
1951
286
2717
9979
3838
918
2032
8450
2532
6073
6851
4242
6874
4665
6851
6606
591
8063
5195
3702
1069
9399
6227
2914
3360
2342
1225
5207
4665
8139
6393
8580
7720
2786
8299
1843
3540
3918
8003
9402
8660
156
4067
3208
9753
5008
6748
1414
9604
6631
6294
8165
4539
993
5795
322
6541
2303
3306
7259
1828
6392
2083
1595
8445
8872
9506
692
5631
7240
6826
6124
2422
9095
7294
6188
9784
9816
4793
4879
2400
7084
3247
382
5299
3382
1916
8247
7956
485
8125
2136
9475
2100
573
3933
5053
2241
5926
4653
3746
3254
3266
4970
7173
1636
3663
291
8474
5732
5146
2690
7111
9541
6468
4283
6831
596
8913
4658
2605
2835
14
4891
1178
5800
5658
1103
2441
6107
335
475
5456
7102
5232
4721
7822
1245
2619
9500
8926
9952
5840
3374
8000
9731
8413
6119
9319
4262
3458
704
7553
5348
2975
9084
2114
7065
278
8312
5001
5300
3911
187
2251
3412
7554
2600
7341
4509
4290
2845
308
5374
8679
191
5093
1011
3336
4384
9988
4869
2252
2212
4181
3388
7899
1219
3939
1522
6652
5477
8462
5319
8758
779
8084
2156
3359
4622
6301
8663
4326
511
7575
8711
3038
736
3434
8806
6876
682
9575
6461
490
4004
7071
845
3370
2345
749
3336
2565
8916
7472
3990
5885
8828
966
5523
1241
9452
3678
9304
5723
1310
280
6991
3715
9910
3340
5611
7566
1551
8624
8722
6912
8186
6115
5980
7883
7558
8111
6478
8217
5486
7455
3170
8397
3695
5397
7787
2420
9290
524
1042
4320
2124
7331
2801
6059
4823
8575
3749
8352
1258
5609
5726
2565
6823
8810
1085
5920
2542
1451
4228
9531
9600
86
4295
5168
5710
6323
5130
5727
1691
3683
5206
581
7848
6057
4944
244
5967
4166
3802
5547
9455
890
1120
2010
9588
2421
9044
4650
7834
2323
9566
6341
2574
1057
7991
1273
6128
2424
3115
1094
6672
4757
7491
4995
1272
8797
207
8495
5369
7392
4158
6637
5584
7020
7895
9683
1769
9609
7517
9529
4740
5650
3995
670
6943
4456
6777
3982
7131
7547
9821
3219
9419
976
13
2370
4771
9415
3366
8674
7104
3629
1038
2640
850
188
9662
7237
5663
6784
6370
31
8491
2044
6871
5282
8784
5715
7102
1547
9717
8029
8695
4291
6006
580
5317
2571
2259
1626
5232
463
9462
543
3980
9651
197
2656
6739
3950
4880
1426
1934
6843
43
460
1265
2742
2443
9572
3669
7018
8851
9454
4288
8441
5332
7099
9170
6649
4305
8550
5167
3125
6176
9549
3026
7381
932
9869
3517
9696
4413
4458
2850
1142
4219
9879
2242
8258
3378
7444
7258
9211
8501
643
9481
1736
805
3849
9228
6698
7443
1664
7199
3926
3074
9698
56
3348
4214
7951
1338
5360
3105
4822
4006
1277
1059
9906
3830
7837
4370
5369
6257
3783
4979
1380
9364
7302
9322
1357
9632
78
9497
4950
8485
1604
778
6858
1085
885
5278
5607
6569
5473
5904
3131
923
5377
6623
2813
455
7483
5248
6449
6456
6090
9816
4781
5791
6078
4038
6615
2136
5304
3648
9940
5300
7016
6286
9708
9765
6889
3048
6309
6793
613
6028
2984
7092
2976
7818
4737
2907
1899
2737
1829
4406
8492
4252
1653
989
1725
385
5406
6444
1213
1745
6351
252
4916
7936
1918
4260
5656
2163
4746
6421
5607
5879
1978
4900
4037
6028
1175
6592
4176
9307
884
2779
8118
4468
4442
2989
1942
333
71
3137
8360
4149
5589
8871
3960
4292
8460
3726
5646
7688
6986
2214
1249
8851
4111
6930
7798
8174
2773
7327
8699
5628
1668
8230
8011
9151
3005
3856
8133
4378
8510
2637
634
1794
5558
2489
8445
7372
4602
759
6539
1156
2838
1888
879
5452
181
2628
9779
799
1518
7009
8692
2743
8242
146
3381
7485
6316
6313
6471
8418
6010
7744
8508
7798
3106
8507
9010
6572
428
1562
6490
3757
6341
3727
1570
8711
5142
3726
7484
3660
6877
8524
5426
7338
8517
6249
6087
6483
195
6019
5049
7529
4611
370
2831
2367
9518
3493
419
1147
7089
4696
4391
9667
928
8968
2416
4329
2069
6916
9632
1607
1619
8499
3794
928
6348
9502
4712
6678
8550
5820
2586
9260
7587
8459
9130
3468
6371
2874
6352
8816
6504
3357
8306
1304
7451
3241
2183
2737
1907
3000
3826
6154
8073
48
9841
3305
74
6226
1090
7002
1017
1156
6821
8160
5642
9124
900
4352
4326
9325
2810
1677
9774
3242
334
5931
1423
5453
5091
4947
2250
966
962
9078
8762
592
7915
5566
8979
7277
9030
6635
7667
2096
3043
9705
5596
9704
9792
5590
4179
8552
898
2927
3996
6428
1953
368
6334
4494
2653
5649
5167
5078
1020
2899
567
7862
7413
2757
6499
6404
8963
1387
4263
7782
6822
7494
7835
1359
4988
8534
1986
8691
1098
740
4431
6631
9369
1281
6816
2908
8978
4537
8202
8089
7737
781
5315
1359
4295
7265
2146
8064
6627
1589
6156
3223
1688
6966
9156
6257
3821
9013
3799
3604
3436
2609
1278
4431
6779
5243
4462
9106
8690
3799
9017
9079
1983
2071
4786
9950
5443
7607
6065
5187
92
1381
771
2994
8969
2242
3510
8293
249
7676
911
4788
9894
266
7993
2323
4107
6355
4179
7758
1111
7083
142
6029
4864
8629
2168
1855
9195
1898
7960
4024
4026
5957
1883
9202
5708
1668
2750
112
107
5100
5795
4945
1176
8303
8432
5123
8008
7771
6013
842
6309
7932
1775
7427
8687
9319
3964
443
458
4605
8378
1942
6314
3521
248
5359
3547
4932
3958
4692
9248
7331
3015
7683
9972
1402
1403
50
5517
1947
1817
2349
5607
8515
2759
8811
7478
2261
2497
6101
8557
2215
8188
588
7973
6507
9153
5605
6368
6693
8619
4851
4488
6696
3125
6596
1745
7832
3008
1267
7462
3061
3067
9151
1644
7267
8187
973
7402
4525
8681
220
3316
3765
3026
9283
5884
5524
1852
7847
1646
9922
8366
3312
8973
1108
5146
3164
3218
8330
7696
5283
5518
9893
9462
4884
1721
5429
2237
3494
4923
1625
2209
7239
3875
4198
6473
6352
811
9663
6667
1829
9985
3640
2665
1009
7908
1878
4453
5862
9033
7514
591
1064
2252
5663
4408
5311
4583
5293
6238
2619
5372
8047
3141
4835
616
3264
5728
2183
2417
4472
1652
6289
504
5317
8053
2167
7941
6447
5187
2949
3090
4545
647
9923
9095
2108
6280
2809
1581
2045
6979
8605
4574
3880
4253
9643
1710
2148
4047
5101
5132
6658
9268
5523
1778
1787
5827
4528
7768
8286
2116
864
5901
9591
4018
6175
7786
2371
8919
1437
8377
2816
1463
7147
7472
1757
9912
9571
1968
2592
997
546
2177
6447
850
9489
6600
4021
6882
9412
1675
4820
9594
4246
6408
7123
8647
5680
7048
1383
6704
2580
9456
3830
2211
6362
7459
7692
4518
1203
1385
6363
6490
5078
379
780
4032
7862
7362
5617
4964
2271
7879
510
9294
1529
1928
4074
9244
2880
6184
5293
7683
8852
3393
9972
3978
8227
872
3394
2538
972
6590
7351
4432
4957
894
1413
5984
3622
5923
1014
6841
1273
1314
6088
9885
1056
8998
6176
8414
8896
8679
8409
4299
8988
994
6278
3986
4027
6951
8439
4056
897
5183
9891
853
5459
9478
6291
1174
4655
3706
5202
4559
4335
2705
6502
1413
5780
823
7852
3156
5400
9911
3061
7496
5316
3469
2833
9989
3700
3872
2699
9079
1249
4495
7761
3470
2764
8212
8173
3629
5830
58
9795
8964
7823
1671
2853
8892
4614
265
3789
7874
139
6726
6658
9707
2356
8829
3751
6938
9013
159
1939
4532
2726
4470
5972
7121
1016
9180
1049
7753
6711
9139
808
2656
9658
6386
9694
2930
1439
5246
6270
9345
6498
4461
7443
44
8137
9357
4354
6915
6505
9341
7784
5731
1201
5954
1585
3436
1049
3421
9542
1959
8519
4290
6700
7352
6471
9708
2567
9186
3269
1625
6252
9214
8750
5035
2422
4298
834
4523
1109
6672
4019
5635
8681
3277
9044
3139
349
3770
4002
9457
3479
47
8314
703
9631
640
9266
853
8038
2330
6175
5575
3570
4172
8692
3709
3082
5450
2271
5262
9868
7196
1160
7300
6802
8706
7539
2696
3319
3967
5562
6363
5892
1537
4052
8472
9255
6671
1500
3988
2975
5959
2861
6888
885
2376
5057
3343
2050
9257
2416
2662
2898
4512
3593
1051
1981
8595
3369
5218
8841
3626
4746
8570
5690
6857
4183
7680
2519
3759
5511
2921
2468
811
8595
7544
6205
6237
5358
6941
8976
4379
751
8919
1996
5875
2205
9629
791
4661
7140
52
5612
418
9721
9248
3213
3713
5856
8783
1112
6623
8147
7241
6776
9246
6637
3491
6612
718
1527
7559
5621
4801
7790
6275
9086
6035
7371
2935
3335
8406
3308
205
6722
2395
5056
3085
8093
6855
3576
1819
1314
6238
7026
5370
6246
5700
5043
8400
2727
3787
2786
5471
3596
6338
4162
2374
194
128
6529
3162
4078
1114
2841
4148
6559
7993
5801
1289
1646
5367
7996
8750
7451
4285
115
6557
9371
8030
8862
7816
592
9401
1861
8480
9966
4326
4625
7093
4432
9384
4787
2967
3119
22
2527
214
4328
6703
6883
4910
1460
8202
8989
6828
6868
7077
8928
552
7156
5042
2293
4068
2050
2949
7729
8053
80
6574
6487
113
394
6276
6310
3183
1931
2303
7540
6437
749
5467
7008
9516
3503
990
1492
6614
2177
868
1946
4031
8925
9189
2792
7003
3494
1736
1909
1241
5707
6464
8947
6025
254
7841
1160
7477
898
6387
9293
8385
5287
2740
5033
3258
1394
9246
659
3056
407
3686
7124
3663
4552
4607
8020
8726
3779
372
3869
4009
7784
9766
8369
6545
4301
1489
8004
2490
8376
1097
5893
3844
8835
9709
8720
1446
5139
2206
5933
7704
7684
5018
6750
8186
4324
2868
7489
456
6281
1613
9739
8711
7389
2806
3108
9143
3093
6775
593
6626
2023
6697
2710
5189
7685
7340
3899
2402
5330
9672
228
9400
3507
6244
2174
5743
1496
456
9130
1266
7137
3090
6702
8289
6846
1312
7359
3289
1524
492
8411
3314
253
7837
9630
3344
820
3905
1659
5438
1787
3078
9635
1077
8589
5825
634
924
9451
1581
1121
5956
4577
8175
140
8818
5058
617
837
3031
5773
5457
5067
2011
2683
6945
9770
1415
9693
1563
2795
1675
2999
8259
6600
6434
3721
7052
4121
8011
772
3072
9310
101
3829
7628
2529
3574
4864
704
8944
5924
4488
6991
9370
6140
2998
230
5076
2891
4125
6650
3180
1499
6521
3972
7231
1300
123
3294
5824
8173
4718
1861
9943
8085
8432
7814
7460
6346
31
3987
7810
209
1237
4713
6413
791
3776
5917
5508
8491
9053
1390
1057
8670
3934
8286
56
8462
3828
8924
2626
5415
9379
7021
1690
3776
3413
1729
2582
6604
6403
1481
7268
1898
6426
109
1598
5676
6330
8922
8554
5216
1751
6494
841
9934
2735
7270
2505
4295
5834
9020
9159
4596
5702
354
8015
3012
8350
8041
1163
8800
7951
5351
5357
9185
1285
3798
7722
7235
2116
2321
2227
4818
2235
312
4990
8509
5293
1074
5122
4979
4500
4073
7943
5488
3145
5661
2644
4657
6120
5797
4746
1918
7138
781
6155
3742
9386
8616
7817
2533
5157
1640
6385
5478
2144
6305
4009
6708
3086
5054
3013
8540
5986
1348
5391
9846
3816
4714
3630
4136
4937
411
8484
1097
1425
7137
6890
3329
4950
2291
5526
7633
3785
7366
4278
46
2027
4671
1808
780
5430
1236
8638
1742
5117
1623
995
1763
5426
4474
8245
5645
5176
6391
9249
550
5977
4080
7653
2042
9129
6942
4774
7442
9126
6156
5296
4445
6494
7827
8024
4635
2438
2055
4293
8198
990
4530
7705
6556
8446
3993
5674
1224
6866
9770
6896
5847
833
5691
8484
2550
2465
9441
6936
2062
9333
3501
1682
9747
44
6020
7016
6484
714
4460
6593
1587
2128
8109
3717
480
4424
2757
5677
7654
5233
3126
2701
4639
5255
1215
4432
8771
1632
2572
7752
6125
188
4869
3312
9016
1433
2376
2457
8080
8336
3578
1485
772
9530
6640
3090
3814
2593
4256
2565
1921
5055
945
5829
5564
2641
8602
104
5906
1917
4443
2550
4105
7901
1679
8686
7474
3448
2762
694
1287
7227
1783
9289
2837
3120
7498
2844
9181
810
2188
7355
2000
6975
9814
6508
6166
9908
3751
8240
6405
447
8162
7907
7339
2955
6479
8808
5225
8637
830
6938
8209
2552
906
2590
9438
942
9261
6393
7884
6929
8836
4314
3217
6637
828
5120
6395
5261
7247
5024
7681
262
1356
3384
2841
7524
7713
8693
3941
3099
2639
3163
3270
1977
1431
9173
9108
4746
78
5402
6576
8214
4987
6664
6524
416
6958
1248
7405
4122
4615
962
1087
5028
7517
4513
5868
3593
4175
1975
4910
1115
4074
7274
9906
3793
4808
5587
7785
8454
5645
9731
6760
1059
8663
1137
9527
5473
2220
1883
3677
7963
9536
2421
8025
7908
7564
916
2795
3243
4921
8542
7779
6470
6812
7303
629
7791
5390
9609
9518
5486
7813
7391
5572
7135
6763
2617
8005
9307
4688
4692
7703
8084
4060
6085
7364
6395
1381
5256
581
8866
48
1805
9988
3155
8476
7787
516
7569
1417
7604
9934
6342
1933
1689
3118
3163
651
2819
1609
5510
320
4453
8185
4434
3703
6362
1625
2605
9249
3264
3605
3552
7989
3444
5871
5571
4708
1315
9042
2337
2000
8346
3481
8257
2714
2651
9394
9630
1022
5419
7716
5888
4876
1434
9491
779
2783
9620
3129
3429
7672
9251
4921
2946
1749
2856
9439
7522
7519
9218
2375
9838
9926
6647
9753
7701
6462
4735
8515
3523
4873
2004
3325
3823
8469
8666
2696
3629
4323
2356
7348
8244
7178
7823
9433
4345
7369
5700
9850
9929
8923
2295
900
3478
2932
2743
3906
3193
7344
6944
48
8525
1059
6398
1918
4841
326
6062
9165
8326
3304
4155
8742
1587
5470
2262
4695
7561
6755
6923
7475
5714
2986
9015
3090
1717
9650
9312
7675
6897
8284
609
411
9040
3572
7135
5208
5549
5607
9395
4199
4498
6347
5724
5998
7914
4302
1124
1728
7192
1888
3082
8442
9761
4006
9884
3976
691
9349
4747
2154
9427
2739
8660
3825
8453
2546
9180
4222
4362
6816
1004
8261
9065
1419
2034
7104
56
4381
6814
9742
668
8
4248
6043
847
1603
9418
4025
2681
8982
8756
2266
5383
4287
9067
1593
1108
7613
2167
5068
1369
301
3917
5102
2608
4224
4826
342
7681
3471
9249
2498
7281
1528
8623
6706
6844
5112
1234
2785
8261
6804
1984
6205
209
1800
6492
7841
3881
6156
360
9933
2340
1766
5316
4644
1260
1359
2174
2652
6758
6840
844
2301
1476
2600
1171
1368
9971
7656
9428
3510
4026
1318
1127
5930
4130
5523
3116
8453
7854
16
1032
7101
7508
8267
5398
1054
7501
1797
2471
2774
6762
9408
5614
8757
3349
4861
5619
1045
5243
5636
1027
9606
2290
300
414
7734
6397
9999
8004
7582
2828
4830
4239
2300
4898
8360
136
90
8724
7578
6998
4023
9001
2015
2544
6142
378
2819
530
1055
9917
9161
7857
5234
2440
3487
3928
1311
49
6234
4144
7709
731
2927
2945
4693
9233
1211
6747
4867
8347
6279
6272
6399
9859
3444
142
2277
1097
1464
5932
9988
2543
7330
4663
8460
335
9376
1605
9277
5446
698
1809
1697
8895
324
8661
9667
357
373
2186
3216
6793
766
3695
5044
4355
4987
7349
3728
6608
999
7416
4888
8191
1849
3557
3796
9831
8261
1493
3375
560
5937
1532
4281
2459
7120
3542
2881
9376
1300
6215
8847
1196
1525
9174
9396
9941
7886
3671
2320
2392
1573
2363
393
8642
7538
7918
3504
3564
6307
5667
3561
8123
9969
6500
7646
3404
4973
4985
5510
4000
4171
9552
1996
3298
7870
7469
9684
9905
9696
7917
2089
1056
6853
3124
133
9870
2555
6386
491
2237
5891
5641
7496
5021
5478
764
319
8387
8583
3292
1382
6412
5114
9631
7356
6057
4809
9965
2312
8313
3814
1278
5767
8684
9341
8384
7789
8002
4965
2186
7230
7053
4344
8460
247
7459
1513
2551
5308
8044
2598
3457
1992
1096
381
952
4590
647
6179
2144
6498
1475
5501
6218
7776
65
5138
2568
4435
1416
9230
1793
9670
5237
713
8614
2417
1743
917
8705
3911
5621
2051
3639
1224
4560
5992
4796
9855
7718
6367
2513
7107
4206
5925
8687
652
846
862
4284
8302
2780
2169
1250
4603
5582
2443
7602
6197
8694
8285
4859
1212
2051
2426
9505
4158
8223
1138
1415
5572
5491
5769
5609
1465
3680
1125
3566
413
3872
4546
6365
8627
2318
8995
5256
8920
2493
1905
7167
9000
4627
1393
9360
5775
1217
3092
7083
2433
7443
9486
9897
6581
1244
2015
410
8422
4126
1928
4788
2925
6550
8089
1780
8258
7006
5524
9410
2785
9506
8013
5267
4987
5854
9612
9167
6815
7566
878
5005
9283
9180
7821
9721
5783
1625
5197
7696
2674
4444
8261
9007
7725
3691
6433
8160
9291
3108
6429
9221
9849
5395
6466
8382
3984
7836
6900
3351
3871
8847
1556
8760
6
6212
7965
7746
2060
6542
9288
8644
4004
5559
1350
2043
6653
3874
4778
4635
1545
5020
9080
2892
1734
476
5100
2140
7422
9746
6863
7092
287
9633
4544
438
834
3461
5789
4447
5145
8581
8381
6312
5030
6466
7277
7334
4744
2078
3104
8417
1328
1160
8437
190
1270
1710
5347
9358
8346
6510
1528
4655
5550
216
4418
7136
201
1747
9087
3043
7130
8030
8246
380
5407
5700
7564
9304
6792
5934
2721
4067
1163
3209
2710
4229
2891
5639
8154
6275
3684
6730
3662
6932
1693
4277
8222
2917
7186
6667
1147
555
6283
156
4418
5373
6054
1991
9801
4040
7902
8168
7253
8622
6272
4292
4598
7377
7083
1866
5880
4704
5372
9626
1136
8787
5100
9929
367
4773
9126
3675
4191
2616
7034
1931
6114
2250
5785
2584
7982
380
5335
8900
8357
8965
4938
2002
329
304
4156
1673
7609
5290
301
4995
5801
3216
7788
5576
6024
1815
4955
8907
308
8046
9738
2228
7864
7128
3592
4259
5112
1527
6017
9650
1499
1052
2409
6603
1595
2439
8730
6525
7491
5481
9218
2819
2962
9038
255
7927
9322
6027
6122
1939
7177
6830
3139
4238
7074
5932
9785
750
2895
3461
5351
4121
5797
3191
3103
4968
5861
4414
9910
9034
8890
6052
7194
590
7962
3927
8787
9361
560
336
8207
7722
195
3608
7731
1248
2115
9670
9823
9568
2422
8296
2222
171
1168
5676
4465
7000
1682
4466
1404
7399
625
9039
8870
1154
9461
3221
5085
7038
5887
5432
152
5405
7122
1864
8379
446
3945
8604
4481
8424
2758
9528
2426
1562
2542
3003
1775
7817
6153
6420
6735
1709
8597
9059
4217
3541
4571
2966
9304
25
4754
3391
3080
1344
8564
1957
1481
6045
8602
1040
2524
5471
7280
2084
92
3278
1442
2112
9197
4983
2654
2291
9392
8263
4387
8114
4122
4810
6944
7604
1454
4399
4586
3821
5802
6648
7876
3939
9860
9275
1953
7395
992
3830
5385
483
1653
6196
7800
5484
9828
7458
4890
4972
1639
4325
4822
7093
7237
2205
4
4888
3401
1942
5949
8249
5835
2117
2199
3046
5761
6373
275
7596
9310
7852
8242
7054
3881
3189
3056
1103
1725
4914
2576
1931
3141
8655
396
7143
7395
9669
3022
382
9735
9594
4593
3550
9744
5535
3749
4764
8743
8
6470
176
374
5892
6133
7235
7923
3205
7537
9915
3433
6571
7889
2265
384
3545
6051
4719
4028
167
877
3711
2200
9992
3047
3407
9736
1431
5805
5512
4488
5131
2734
4944
3827
6951
8385
6389
7117
7854
9648
6239
8577
908
2764
5760
8042
9708
7497
3652
3820
4540
7309
7299
1987
7609
8128
866
6071
7135
5896
5025
9319
8459
4104
8522
8899
9976
6018
3984
7185
1458
4810
2456
6740
402
4916
4221
438
9740
8651
5179
7743
2778
9743
3313
6863
6326
5972
383
5307
3692
1270
9922
9
7799
2777
4256
1612
4421
3548
6683
1769
7037
3970
2612
1950
8793
6112
8373
6066
1904
7146
5584
4409
50
7349
9619
7878
522
9387
8735
8220
7374
3057
8761
2429
8121
5639
6842
3550
4119
5780
1568
8009
1553
1760
5054
7145
948
8676
2204
5639
3467
4406
3440
4360
8085
6896
1890
512
6163
9479
2992
98
7067
991
8980
8770
874
2060
3647
1536
9679
1982
8480
1746
6604
6173
2732
6714
2781
5488
8973
9961
8171
1096
9330
8212
984
8244
9925
6950
6307
5594
5755
2530
9566
4651
8983
7551
7363
2038
4767
3295
3609
6837
457
2609
9453
4317
1161
264
9825
8248
6639
2475
8387
6425
3641
9939
4293
4865
1907
8083
456
9195
1514
2287
300
9409
7592
9289
1684
5358
186
640
1166
4538
5311
9116
2246
583
2799
184
6922
6408
6112
3219
8399
3971
4997
6069
4252
9240
4150
6836
1348
3878
4849
1174
2512
918
7170
7245
5287
6924
1831
1323
1311
9332
6788
6158
4174
9667
8117
7105
4481
2509
6804
8655
4155
1961
4549
9116
6534
3671
5704
4860
2511
5425
924
2515
5872
1822
9720
4874
1220
3369
4194
3057
6140
257
144
5419
4724
7394
6994
7944
1052
6933
8487
4159
6196
236
7748
9455
7740
3428
3438
5575
2817
7199
5990
2509
1717
494
9732
1850
1493
606
6270
6322
523
968
6252
6282
5217
3877
1153
9833
4304
168
8464
5126
3040
2764
3596
7340
8276
2168
1758
9458
3866
9739
9331
5351
2985
3413
4263
5589
649
4970
4707
9141
2266
7235
3365
9821
7571
5244
4943
5260
4838
5217
9987
7586
3157
9083
9150
8539
8416
9067
2730
3492
6542
9682
9387
2260
8
4686
1871
4262
6911
2198
3361
398
2456
2775
7021
2624
1877
9244
1271
7956
9570
425
5617
1309
3744
8316
9231
2950
709
6455
8005
363
9962
563
22
1824
2871
6322
9588
9110
3376
8421
1928
6975
8790
7973
9769
6938
2415
15
3029
8777
288
4857
3247
1516
1918
5245
4392
6325
5030
3718
7145
4074
3431
3697
1542
5241
2759
5160
3974
8124
1087
9750
3899
1318
9345
6141
8494
3245
5005
7183
471
8562
3201
6183
621
7174
4196
8864
9775
9980
540
2855
8102
9110
2967
5313
6196
7802
6751
8210
9008
6969
7198
7874
3828
8762
9148
5437
7340
8782
6018
9158
3507
8929
3326
7737
3968
1538
2781
5810
2174
121
521
7994
7154
320
9403
5804
4954
6249
2356
9624
44
7733
6032
4727
2586
705
4825
4613
893
9309
5745
229
9325
8932
8203
303
4313
2616
9819
595
7726
7884
2799
9442
2530
2327
1383
2653
8549
8206
9718
4621
7046
2576
7016
1781
8968
7148
6044
8152
5119
898
236
4544
604
1344
8887
4416
1005
6859
5908
9540
7883
4040
4623
1249
7767
5375
9989
4399
2437
5483
4597
9451
6348
9095
1125
2305
9327
6273
993
4526
3424
1024
3974
5239
5916
4906
5166
8367
4013
5050
3484
4120
523
2108
3921
8134
903
3601
4865
4467
5293
4460
604
1321
711
6270
8097
266
250
1975
1079
4998
4531
817
3706
4146
3783
1647
7058
3597
5028
8207
3510
939
2607
6572
4168
3490
1173
1875
328
3762
3687
1062
9085
8094
6017
9710
5456
6892
1383
3909
3344
6495
5036
1060
4696
5484
7970
8333
2280
5622
861
6340
7428
8197
4340
7245
4508
3259
3259
3920
9193
5697
5328
316
7371
3108
3150
1297
6728
5493
1852
3340
7150
5763
6019
3829
3012
4447
4381
6275
3651
6977
3282
7617
4295
8244
7343
1827
7157
6398
8093
4273
3955
9487
5445
7743
6344
7095
6172
6360
3788
3044
2180
6655
3433
2923
3163
3348
571
6765
1074
5527
3805
8194
8321
1244
7996
4864
1921
1189
1320
8863
1472
1129
8986
9859
3151
666
7932
4721
311
3664
1936
473
1878
5159
9976
4989
2914
1273
1980
7651
197
2105
6057
1618
4963
5669
5200
9334
3623
1605
8698
1303
7296
813
3942
3682
323
5218
4247
7213
4992
2680
2742
9076
735
1340
3637
766
7324
4128
4640
8398
3358
7081
9492
7093
5771
3561
903
5093
2211
6709
4601
3065
4814
935
8684
2509
3463
6512
3198
1600
544
4831
2869
9637
2287
5286
9053
8761
9581
477
5512
5774
900
8933
1388
9757
535
9254
3483
8770
6611
4658
225
2998
4847
6913
9129
1033
1618
9083
2482
1115
7162
9741
4257
7283
5026
3456
6154
7971
7776
9543
5167
7896
3934
8073
2189
3108
2729
848
4447
8284
4433
8969
5389
3427
2528
5912
4377
8641
7629
3111
9249
5150
5188
845
8354
6224
7603
1998
6781
4836
5373
6169
6365
78
8598
3371
3736
3071
7374
8889
9088
9768
4493
8837
150
7825
1518
8942
383
6124
6152
5691
9948
6171
3389
5958
6468
1551
7317
7790
723
5391
6923
2602
4679
529
5060
6853
2479
981
3390
2784
1343
6473
5567
7841
875
1062
9316
3350
9776
2219
5555
334
3816
350
8717
3848
6645
1311
9792
530
7471
678
1964
6869
3251
8097
4937
2505
902
3798
3119
3002
9924
1753
8052
182
2602
1078
3161
8822
2921
8881
2052
2789
16
3395
3307
9568
3381
8330
3243
941
1049
8237
4394
5664
5260
7788
7885
6571
1865
9232
4931
9015
6376
3442
6169
4088
3518
7364
186
2196
5746
1023
1862
5434
312
8621
607
9236
7861
7789
3361
190
4372
9030
7583
4115
8111
7277
8791
8319
9399
6475
6299
8910
1204
4603
2818
7936
9594
6849
4948
6490
9186
5353
1462
333
4437
3814
2963
4072
9266
1798
2215
6328
2205
4251
8919
2959
5693
2083
8651
8575
2051
3447
7514
59
7770
8324
7155
674
3840
2376
368
4704
1105
5192
2267
3661
1948
8818
8306
2807
5369
6832
4651
5479
925
42
9574
2529
8607
1866
9050
8300
4571
1524
3596
9750
2843
5040
2590
575
8087
8869
8882
8449
6905
1557
2986
8876
6784
9000
7272
999
2096
3960
8672
6000
6237
3555
9238
2691
7496
1459
8651
7398
609
8420
5665
4621
8682
7758
3355
135
6704
4988
2756
5569
8086
3736
9871
1800
897
2816
1152
2030
7247
2389
9652
5262
6396
60
9472
9257
8214
2974
5112
6676
5646
1251
3814
5580
958
8817
7029
5600
498
6828
4532
6823
9351
6697
3721
2626
2237
3728
6948
3334
3003
246
6700
8991
1175
7407
871
9413
9279
4364
9475
9962
8572
5642
9238
7763
540
2245
8965
506
814
3078
4870
2361
2784
6562
9889
5468
527
2263
8096
9905
2010
4756
4200
6978
9940
8967
5637
1309
7505
4402
270
763
9628
1136
7783
2469
6909
8691
7955
9602
8168
5974
3904
2814
4467
1978
14
6402
410
4127
6230
9238
5173
6112
7377
4749
9123
391
7488
7766
5082
7762
3895
988
3083
3960
8944
3064
4000
5244
6711
3952
6882
1139
4802
312
1198
445
8213
2296
1710
8380
9661
2984
2590
9005
5902
5586
2583
9674
7989
3381
6149
918
921
2759
2225
8169
4949
1613
4875
9995
6055
7018
2259
8352
848
5994
9541
3409
7287
6323
8314
683
4731
3649
8036
6330
4069
7921
6569
2354
3947
3148
3012
1509
9797
5128
9171
867
114
1861
9681
4344
8179
4358
5370
8263
529
3295
1438
8839
3328
8980
2164
7670
8640
4779
2453
2713
7298
4215
1047
2368
6539
9852
4178
5969
6515
1662
2926
6695
3437
2718
7353
3629
6609
1977
1345
4767
353
1251
4104
1036
5259
1754
1529
8107
2285
846
1311
3699
3973
1215
4079
841
3768
7368
1785
8848
2991
8919
2612
5058
7164
8338
6339
7475
9309
5810
1219
613
4494
3830
8095
1078
174
3125
7553
7019
8174
8803
4903
937
9976
3828
3838
6474
8263
2579
627
3478
2857
6421
3340
2905
2999
4842
1628
8957
6271
7877
5845
6342
4564
7184
1355
5025
9816
1737
7404
6003
8160
9172
8208
1157
8057
3558
6509
9948
3645
5190
8947
9430
7884
6019
7164
9607
4983
8269
9464
8455
5365
4104
422
6339
7044
4532
9633
5712
7814
2213
8725
2923
1868
1505
6206
3833
1842
9561
8171
8235
2335
8764
1751
221
668
4638
4433
7966
9265
3611
4245
8255
7159
3931
8349
4538
2790
8954
7070
197
7448
9660
2465
393
416
3525
156
908
447
2152
7981
5500
1501
8426
5956
4840
6677
6576
4067
6721
6951
927
8963
6125
9517
7015
8188
2913
5646
216
9946
9904
3261
8762
4494
569
6818
7472
9920
5950
9702
2378
6741
2390
4273
6884
2495
8856
8998
8322
723
1040
9352
1613
7832
8474
558
6073
4561
340
6341
35
8267
5089
4453
4999
5723
6370
1485
2545
2503
3474
7345
9031
2156
126
1304
5201
6387
4974
2313
4451
217
1627
8426
489
9785
3750
3445
2217
5297
873
1846
4774
7045
5106
2247
5986
2367
4142
4636
5126
6484
7442
2347
4141
9870
5404
8791
1297
8280
4787
9912
4902
4736
1842
1556
4082
9451
704
3699
7562
5739
9702
6817
4483
3697
2836
7826
6013
9853
7789
2163
9831
563
2737
5959
45
3231
6822
8993
5227
9955
850
454
7685
5032
862
939
873
6149
228
178
7915
8203
4521
9117
4038
7451
8491
5832
1658
3958
9293
8722
1594
2018
7276
5106
6808
6402
532
8811
3110
2062
1032
9411
9061
1952
6331
5409
1356
4800
6354
5111
94
7125
8177
7611
5596
3625
7346
3833
3903
5718
1787
404
8313
4294
924
5960
3302
9486
5002
9379
2409
1645
915
4659
9663
2223
2557
7296
8407
905
9441
2751
3255
8495
3456
1605
4155
21
4559
9154
7078
6064
1286
8442
1013
5525
7019
7615
5061
5310
4499
5910
158
5583
7727
261
7613
1934
4048
6047
9571
904
7010
1275
3370
9712
9488
3535
2482
6838
3903
9296
978
1246
2746
2963
3778
7782
2933
5936
176
9222
5641
159
8260
4072
5221
8555
3456
7124
849
4914
5086
1259
2222
987
7863
5782
2861
8585
3039
9960
5534
52
7921
6468
9339
262
66
9578
310
1245
6797
3501
4477
8241
1365
9644
1920
495
792
9659
2380
6250
9159
8332
9593
3202
9480
8684
7611
3989
8412
8032
3359
8989
8247
7150
2615
9595
1893
775
1914
3511
212
8833
2945
2563
2039
7202
9053
8284
3953
4826
7516
8955
4877
6033
7697
6660
237
7134
6037
2599
3168
5794
6160
5909
6859
2759
2112
2311
5147
3758
5230
7031
378
7561
6572
5531
9599
2478
5229
3928
44
1668
8441
9109
3803
2409
7359
7347
362
1527
7461
2128
9725
1249
3668
6475
4723
1177
7500
1830
3228
9540
6141
6801
6378
3096
8286
831
5095
9703
3147
8088
2590
6916
5278
7266
2680
3367
8831
7043
3208
3323
8389
6921
7661
382
3762
3702
7924
9744
9489
5554
2071
1271
8734
4982
8770
8028
4678
1017
8771
2440
3456
4437
2927
2219
920
5605
9605
5296
897
5524
4236
6463
7537
6314
3314
6925
2293
9083
2668
9277
5739
4672
6585
1336
9219
5434
590
2980
4066
9225
729
1334
4594
7784
9927
843
2888
9684
1396
8526
2435
8102
5501
8042
1383
2479
6725
8044
2987
2670
1618
2285
4563
2312
6826
7519
9026
9669
1724
1769
170
1785
4117
7783
538
983
9625
1675
8634
5835
4974
4912
456
70
5659
2277
868
7476
8809
9255
9515
4863
4827
2527
1537
375
1026
2656
723
3978
9438
6827
2231
2086
1717
378
597
894
1960
8891
1617
7490
3868
9460
2963
5625
3321
538
8751
159
7369
2802
7074
8288
441
6887
4717
2249
8893
4711
4501
3257
2995
658
6575
8655
4092
5732
6692
1937
8817
4547
739
8873
5640
9058
1394
9838
8651
6210
2832
5983
9252
5461
9301
8440
4702
4809
5095
8046
3806
8145
7950
5913
2375
1680
9175
4942
4332
2284
7056
3509
1364
88
1550
4557
7565
2003
7559
249
8479
9260
4710
3597
8138
9592
2145
5690
2338
8589
4425
6998
7653
1840
9344
4275
64
7668
4044
4347
9905
9974
6032
7090
2547
4307
1440
2132
7852
3516
5386
1401
8132
3440
4380
6740
932
1440
2950
4068
2230
322
3814
8075
6174
648
9629
3113
5564
147
9151
5339
8345
644
3194
5704
1236
4216
384
5828
4405
2080
8776
6271
3330
5785
8383
1308
749
4056
4283
4421
6029
8792
7234
3152
8198
9671
9008
5625
3979
1791
5211
6351
5703
95
6546
278
9916
9689
9620
7780
4278
6404
7348
9358
5141
5650
2359
9985
6537
6183
1539
8151
1870
8708
201
3926
8398
2157
5454
9049
9024
7076
8517
3426
4131
5839
5265
4126
3810
8596
1384
5383
1293
8563
6441
4308
2511
8024
1426
5550
6576
6508
2524
5229
1189
4981
2939
6959
5698
9474
9325
1476
7284
2515
9368
9144
4073
5727
1401
5475
4745
2571
2101
5180
702
5013
9544
914
2072
999
6168
3153
7162
3053
5426
3082
7669
9635
4087
2462
9339
5404
1395
9095
4260
382
8329
409
8150
6057
5027
9626
3793
975
6456
4585
8621
2787
5054
2930
2914
5204
2858
652
4745
2991
541
191
4601
5770
3617
3329
4050
7698
9870
9134
5386
3951
8263
8392
6055
6577
1407
6760
2262
1557
4460
2327
2919
324
8022
6806
3186
8837
2542
6751
8510
6783
2393
8303
7762
4781
6972
8307
6055
6554
480
5205
7690
5381
15
1094
8570
9183
3653
3542
1928
1877
2545
5362
6451
2252
1642
6853
8788
4926
6358
432
3033
5924
4608
4905
2797
3862
2620
4981
6826
4498
562
4763
354
507
5957
5413
9028
6602
6909
1574
6619
3993
6918
1429
6513
1897
4209
8510
8834
4486
3773
163
5783
1
849
2955
9191
7920
1471
8860
4744
1494
7909
9523
304
8432
7420
1214
8521
8845
9821
825
6475
9443
5551
7035
1997
9113
3560
8066
6537
5655
5278
6919
6542
1630
5189
5642
1058
1849
1595
3883
1950
888
6041
9660
7580
269
8887
3115
5623
3842
2996
2828
3568
4900
4474
6354
7773
8572
7790
1068
1265
1163
7940
669
6019
6184
655
2429
9646
1733
1330
2335
5118
40
4963
4230
4516
4485
1580
3248
4370
5111
4046
2160
4783
8445
9749
3172
4794
9558
9462
5796
905
9727
3926
1019
3324
2547
6023
4475
7667
9755
4751
3796
1906
1282
5768
6939
6075
3828
6520
1861
8693
6829
8796
2477
8501
7044
629
3223
167
4411
3321
7452
302
3102
3910
7573
9383
7398
5309
5884
5435
3428
53
8346
3950
2571
878
9133
9156
2355
2171
4147
5370
956
1248
3002
414
5726
6638
6279
4797
6440
520
8728
231
4164
9211
7650
1924
1476
9003
8084
9920
4372
4458
7337
739
8636
7587
5536
667
6842
4934
3381
7055
4553
6545
7749
3942
8341
4232
1210
8865
9958
4123
7327
4572
8768
2150
7256
243
4593
6479
2010
5560
60
5486
3464
9340
5943
238
7200
6285
3252
7195
1828
4628
5926
4568
5848
3206
9980
1484
4280
8690
3476
2061
1874
1314
7258
3027
9502
9301
9551
9651
1730
8054
8692
7528
4609
9102
8946
4000
4112
2102
6609
4308
8060
8443
7637
8868
7754
6374
9077
5491
5729
6551
5367
9346
6
5368
9554
841
776
883
3925
2078
2879
4954
6448
3624
4567
1459
3347
8093
5180
2350
5791
5409
5705
5601
9392
3672
9241
2244
6598
7268
555
7967
1954
4547
7847
2388
7807
1994
8058
2042
8235
8902
3174
2072
9875
7370
9231
6182
9529
4373
3608
8880
5734
1023
3605
7433
3735
4931
3005
3699
8195
3052
6452
1879
3311
681
5843
8598
6703
9063
9723
2894
6671
2501
4347
8476
2613
5941
9871
7909
3574
6344
4202
1434
3803
8551
4287
7188
2809
827
2058
620
4030
6550
3895
8908
2026
602
2136
898
4918
2874
7698
551
311
5268
4877
7770
4148
9662
73
8717
1020
7656
5219
8273
317
190
9037
7483
3112
1960
5004
322
2830
6851
8852
413
9824
9031
2838
7810
8888
2701
1727
3870
9142
9547
2575
9450
6533
4505
791
8753
8745
2373
3943
1623
672
7558
8879
2060
1351
3090
9608
4125
5747
6315
1075
6408
3499
6858
5589
5119
7442
6470
3968
3940
9790
8239
9813
2096
5380
3715
9466
8470
9477
2359
3789
2948
8949
1827
8603
7391
6794
1173
1038
1964
8715
5776
2044
4377
5831
4019
8154
5829
298
2872
5160
5010
2996
3149
7510
3949
8585
7836
3669
3790
7064
1481
8455
4916
6437
1774
9504
4721
8997
677
7624
4630
6037
9159
8273
3148
4202
554
8870
3317
5402
1223
2031
1022
1582
4304
6151
6937
3166
6725
5482
8265
4578
3571
6649
8267
9660
2690
3856
5296
1061
4026
9640
8370
5769
8147
2508
4057
9528
1779
3894
2835
3120
9244
1613
554
5407
7495
1201
4693
499
8588
905
3246
3922
9452
7166
1818
5795
4042
2565
8106
3311
3399
3997
3065
3644
1287
9785
2223
2590
2551
8355
6956
7668
5940
257
8343
5228
2527
7149
3530
5548
3136
7115
5691
2964
8344
6235
5684
666
8629
6516
5145
896
7229
2942
854
4552
3834
3397
2873
6275
3236
6574
4604
3553
8526
5779
3522
7613
80
7458
8453
3546
9276
2225
2713
4484
7329
4934
7271
9618
5847
5338
5427
7466
6740
9030
5483
8158
2260
2421
8774
6102
5044
519
4588
8518
5755
3335
3680
6137
907
8337
3613
759
764
9021
1521
6041
7083
493
4701
6116
8777
9391
8038
1928
1367
6423
5944
4196
6779
680
7539
488
4038
7828
9357
2522
4746
2764
1314
6498
2251
651
9817
5294
9687
5335
1460
8319
6378
8011
1393
7540
9942
389
6446
2847
8412
3220
5539
3484
1503
3637
7055
1872
1421
7567
1403
7248
1475
4703
4902
3303
2950
5585
7011
7323
1086
2018
7136
2292
888
633
3059
925
9376
3513
6284
7477
2308
1600
300
9220
1656
9126
1813
1789
1601
9415
747
6024
487
3358
1411
4653
9753
8157
6928
3146
3569
8743
684
1356
748
3064
9999
4336
2455
7352
7050
2106
6196
5173
9773
3200
7258
5292
467
1009
6298
5397
8503
3613
7049
9068
3358
2768
6960
4909
3228
7635
4420
7693
2939
8710
2505
5433
3982
6762
1487
164
1661
174
9530
1978
1407
8987
6442
1936
8486
9028
8452
4720
6698
4456
7714
1605
7073
448
9350
3938
8257
4586
9380
3300
1910
929
5088
7674
6477
1590
7119
1294
4543
4388
7353
9591
9919
2777
2088
5886
4812
4941
3132
1662
2999
5505
2666
9776
7533
7442
7134
9766
2688
2617
2386
603
9746
7738
495
6891
5258
1355
2749
5265
7774
7531
1126
1132
2168
1539
4295
2816
340
5861
4887
4007
553
6807
389
5583
541
8153
7361
3687
9300
5200
3085
1625
4455
3304
8592
9714
7695
9157
1959
8414
4985
954
2626
5974
1374
6841
3119
6590
3444
989
3964
902
4200
8669
8291
5903
4648
8454
7533
5332
1347
1455
6433
3047
3433
1931
6870
8744
7094
325
175
3923
5114
4449
6969
441
6524
9708
2582
546
7111
9693
6623
4000
7228
1787
1824
605
9854
8311
5626
6801
4490
246
9860
5507
8572
6163
1697
2844
7585
6431
8969
4934
4971
1388
4169
5819
3127
7623
6046
6799
7835
2172
8669
485
3824
6945
6591
1003
1692
1641
7441
9006
3744
433
9826
1046
1902
7248
7114
7564
6200
9952
5090
1424
3476
1809
8705
6907
144
1746
7062
9652
9298
8325
1332
7163
3557
4253
5056
1850
4704
1512
6291
729
9522
7324
8283
9722
2417
3795
4757
1197
7912
6211
9135
6389
1822
3355
8502
8290
6599
2687
742
9628
9383
715
4515
767
1322
6258
9177
219
6946
5599
3968
950
9811
8081
9617
7817
4555
773
9632
922
6161
2081
4761
6012
2503
4428
4844
7786
3010
2522
248
5084
8708
5583
7328
5979
3456
913
4895
7453
7243
1346
8225
7134
8235
7552
913
519
7950
8312
9863
9998
3455
2761
1438
3190
9895
6333
2355
1394
7994
887
192
4958
7239
5636
5332
825
2489
8148
2611
86
9621
1645
5650
8646
3265
5449
7561
2465
9815
28
4416
4070
9403
9587
1704
8593
3030
7644
2928
9608
5827
2182
5937
6476
1854
6625
3111
6221
9391
86
7993
5025
8891
6958
6331
1284
6506
9801
5282
2341
6251
1158
3021
4284
3394
8979
2924
1196
2647
5700
1302
2716
1000
7350
885
1499
3138
6264
9723
6622
7502
8089
9291
5839
4939
1142
4793
7995
6583
2730
2808
1347
8010
5248
1091
3240
1175
1327
915
6318
5773
7366
2074
9544
1110
63
7539
9314
8362
7116
9138
1661
9891
9884
5595
3246
714
76
5776
672
5949
6153
5906
830
684
4681
4020
8842
9062
3805
3664
4644
2552
2676
8794
5570
3503
9904
6991
2607
3739
8889
839
4828
7927
5077
2521
8808
1385
201
165
2312
6621
4458
3458
3509
4872
3747
1568
201
6460
3150
3224
5621
1862
4952
7652
3024
2841
7425
4962
9755
5753
3412
8517
6173
4263
1850
9988
4172
4955
560
3621
8928
7855
4907
9456
3465
9691
9855
9064
2600
2254
9099
3275
4399
6834
5651
2083
386
2011
1395
9908
2439
13
22
6170
6902
1409
9863
5348
9113
4482
3324
6251
423
4441
8121
3441
4640
9214
1057
3573
7952
8673
1859
2515
8880
3686
8714
9742
6693
2299
6315
5628
9266
3972
1742
6585
2277
7367
4868
3278
4
8939
1188
2988
1789
5418
8669
4129
4268
3823
1479
9047
9414
1791
3955
4307
823
6442
9690
1415
676
6280
5166
8745
8635
8785
4891
840
6479
8226
2302
7262
4829
7948
3733
2059
5175
7151
7272
490
6979
5427
9664
7195
841
127
7449
2654
3974
7435
4099
1949
8197
5584
7450
6907
8794
2236
6166
5982
8160
8162
29
4966
6499
4261
7921
377
8548
8321
5097
3031
1442
3048
8567
4698
563
3071
3750
6096
5362
1183
2220
3454
6865
2130
9082
7863
2507
1970
912
9725
3665
6535
5928
7102
4357
9571
8693
7204
2893
3969
6712
4605
2850
7427
6232
4906
5253
3777
3651
1792
6126
4051
7725
5079
8230
1701
2192
9130
6241
1449
9480
5451
5036
3524
7671
8273
4485
2614
9603
5957
6169
8273
6823
3131
6678
8115
5015
7348
7229
6464
4868
4776
890
4330
3658
5746
5182
963
9496
4189
2950
2073
6320
6355
2036
1476
781
6343
6926
3389
3415
139
2748
3926
845
5255
3927
793
7110
7009
231
2686
9732
6951
7258
9075
2720
171
300
2582
8962
2824
1933
721
5263
4202
8385
8384
3028
1821
1426
2839
3971
5213
5467
5485
191
9716
3900
5065
1320
9929
6576
2211
6112
4815
8280
4008
745
2264
7414
2222
9929
4073
2187
7247
686
1207
8368
7684
7952
6048
3659
7224
1910
8253
2498
7007
446
6318
8395
6045
3255
3157
2389
8526
5459
6087
9016
5952
3472
5280
338
5271
4405
1185
7722
2019
8220
6531
2899
7586
2954
4538
5803
8855
2396
4901
7907
198
3180
728
3164
2003
8094
9571
4219
7700
8433
5962
8381
5591
4054
9850
481
7116
1468
865
6728
7121
5721
9442
583
4778
978
3
1799
4427
9890
5885
2198
4825
526
1081
5867
2386
5253
3084
5133
5362
7163
9163
7362
472
2367
6118
2153
4302
6788
2023
7747
9684
7230
1867
681
4441
3694
6797
9677
416
5074
8182
5084
3642
4331
2669
7227
4914
5836
5960
7404
7164
5490
4198
6917
4978
3989
3190
2343
1441
8099
6449
2742
1118
1252
4577
9632
964
9979
3356
7253
49
620
726
8441
5357
2787
4156
9605
8391
1663
8202
9045
3752
4509
6054
6251
6677
9715
6426
513
9420
8485
7331
5556
5496
1051
1500
4188
2496
5626
2450
7923
142
6260
120
9636
1268
290
3054
5545
733
1852
9280
3289
9302
7100
5023
7378
6458
3116
8710
6309
7346
6317
3787
2769
2843
5871
9903
8384
6197
7905
6536
8099
602
8304
6528
5148
1425
2750
4542
8282
8694
7854
82
5035
6545
9628
7224
9054
3051
1928
2746
8653
1771
593
6996
833
7012
2523
2354
8336
256
8739
2740
480
9658
4783
6010
6744
7408
6159
8100
2507
7537
5226
2043
4968
5569
4196
2178
7714
6481
4878
3606
5000
4748
6459
4401
7231
1418
2272
5157
5324
4882
4818
4711
7136
4780
3044
2452
5729
8466
7923
7299
4907
9303
6803
4017
2657
7048
7800
6723
9245
116
8927
9379
3489
8850
1976
8206
7910
628
8700
4048
659
4377
7196
4147
1250
2396
5560
166
3044
9436
9058
5189
4934
3931
4986
6228
8207
5587
1471
969
6775
5511
9253
2843
4903
7551
6241
7259
2635
5529
1746
6797
887
868
1591
7585
3336
690
2666
6705
4942
159
1824
7406
1792
1656
2584
2349
316
6551
3878
778
2986
7657
520
6312
2867
1529
159
3636
7427
1950
117
8929
647
124
626
9047
9180
508
1136
5274
2400
1690
8007
7568
2473
8380
9871
8580
3175
8491
1904
6808
19
1270
6160
8421
2694
5045
7835
8939
6093
20
3083
7186
7717
4628
3049
448
994
7684
8674
2789
4589
5650
6705
5763
1398
1466
9029
7525
6927
7470
3180
2729
6370
8915
4763
9901
2314
5065
5381
7546
7330
6039
1170
4802
5823
9330
1259
8892
6927
2344
5220
8821
6981
3484
9149
3243
8415
8352
8044
684
1164
1536
4498
1858
362
1764
1758
3102
5315
3002
4284
3389
5439
7023
4624
6830
6934
6583
6194
9635
1934
4604
6775
8258
7376
6081
9497
7606
7922
2302
7179
7193
9895
1932
657
9776
6980
2742
259
3228
3605
5288
6186
3468
7307
6741
3746
6580
4791
975
1228
9854
1233
8588
6610
2599
574
1582
2435
3441
7573
7508
143
6409
6999
4706
440
9395
1773
1060
2794
6776
7018
1453
1224
5705
694
2097
2129
5761
6121
9857
9349
7269
7818
4172
9861
4841
1506
9033
7320
6619
4569
2546
7107
4215
5492
6400
7156
6651
521
7040
5899
4520
230
5494
2074
8025
2310
8521
3645
2046
6805
6781
7163
558
3966
3798
206
3363
2122
5058
9780
2472
7984
7861
6440
358
9748
685
5388
143
4821
1182
2814
4460
8175
1113
4710
5854
9536
3587
2387
5631
9453
1392
5186
6798
8341
1262
9887
2742
9313
2282
4408
4381
6265
8319
4948
5147
7235
403
7803
1665
2801
3496
5340
7052
7318
4806
6293
1156
19
2466
2501
439
5774
5007
893
3915
9500
3780
9843
5598
1009
5963
9353
2226
6490
3940
9479
4127
3223
9383
3450
4555
8567
6117
6348
8178
1153
8266
6138
4178
2196
1341
4302
2067
1143
510
2943
5512
4706
5534
3104
9368
1053
8330
4349
1346
5683
4561
9228
5889
3546
8570
3614
3574
2411
5813
1593
9208
173
2348
3146
4056
2191
8773
4030
8794
5942
9083
921
8498
4344
3356
2952
7609
8393
7884
7480
2269
55
4797
1977
6349
6297
359
6216
4090
9296
25
4752
4874
5356
8050
4404
8936
126
418
9217
1163
2879
4703
7035
9012
9181
9756
4426
5572
6320
9064
8876
2953
9390
8183
4525
3393
7036
9657
7328
8104
4359
5612
4354
8636
4083
4413
2914
1115
3525
5850
1436
5524
6130
364
5953
4848
1482
7103
5144
6297
28
7946
6647
3705
6492
112
3888
583
7006
661
5453
9379
5285
1746
3978
6968
9307
9905
2343
3288
9140
871
8885
267
6974
9074
1637
5191
4902
685
7811
305
9970
1861
1388
8816
6885
3003
7467
2580
4164
5359
2877
8345
5469
365
532
6145
3102
15
1471
4939
5443
3477
3177
1105
5777
1960
5737
9645
2381
1749
4447
3029
5498
1623
8349
8401
5645
7970
2876
8801
7680
7545
6958
5961
4220
3214
1588
7705
5746
3544
15
8842
4204
637
9999
1921
855
1783
3038
4333
5517
2121
2637
8876
5683
2134
3038
4429
9752
3335
7531
4403
6784
7770
6418
5171
1318
8691
915
8344
169
3331
1617
1462
310
9012
1828
5128
8726
1978
6688
6623
6929
8489
928
4888
4659
9010
1758
8589
6012
6307
3590
1019
9738
3046
6830
2002
3601
7919
3426
6717
3498
2183
57
2285
9636
4615
4226
2890
878
968
847
7456
147
7925
7020
7534
3191
7074
1147
2413
8159
673
8614
2406
3660
5480
8906
3946
2941
7941
416
99
6621
2103
6557
7167
4778
4536
1545
6739
9147
1125
6816
8367
9969
6567
8157
3300
7076
1439
1889
8006
3867
3095
3840
9287
4887
9448
7648
9979
8951
1274
1894
1500
7172
419
2159
2780
2225
9179
3129
7805
6433
9292
4642
6589
7356
5220
4698
2393
5983
6380
5885
1232
2735
5880
446
6008
8039
9251
2271
805
6747
4755
4498
997
8319
1752
7611
8326
7374
5837
393
8593
7167
4333
7657
5389
4812
3058
5568
8911
9256
6050
1529
2040
6176
7504
9234
1242
3487
2593
7922
3674
5606
9621
1417
920
5385
4180
9500
6604
8306
6695
5922
5353
3315
3167
4986
1520
6678
4921
9487
2959
4103
9497
4311
1127
1251
2570
6380
2195
9938
6384
8503
8382
4544
94
4218
3083
2097
5538
1166
3134
7393
1055
6303
7945
9115
6464
2636
8061
2743
3571
6144
7431
3166
8607
3787
7155
6674
5945
6275
325
8203
7935
1817
3997
9878
3927
7567
4844
3148
7756
3316
8589
6441
7066
2473
6495
7547
5148
4457
2790
1683
6058
759
2442
9768
4411
8713
3435
9254
4281
1832
8107
3373
9366
2610
2167
941
2500
761
6223
9007
8169
9566
8954
3432
7049
3516
9662
8153
5372
3326
1256
6714
629
4878
3001
1150
4569
9295
899
7892
8478
5860
6122
889
5442
4109
3983
4651
7447
1627
415
1855
4215
2300
5896
3696
211
6875
1810
4401
9445
7994
5853
9435
9568
9564
9076
4359
5879
4385
951
9184
3566
8133
7791
1952
3231
4596
6822
6618
2422
7485
6052
5060
9377
4914
6428
2206
3537
7990
8200
2270
8507
6029
1663
4801
1198
7182
166
3491
6579
9960
2010
4771
6564
4455
4663
7669
5572
4461
4437
2199
3685
1111
2207
8581
3075
7486
8241
446
4911
9952
5740
4116
1360
4969
2893
8856
9107
3654
8282
5698
9838
840
1596
5615
7612
6900
7787
8336
1750
1850
9297
1418
2840
3227
3310
2799
935
7125
1160
9027
1676
3972
4152
147
8762
8135
5990
2766
5675
4642
8345
7701
4329
2518
1832
9369
9961
1031
6082
1508
4135
2344
7203
2892
8466
7143
7869
2020
270
108
6148
3510
3124
3711
4565
7464
738
6661
3083
6262
6694
599
6650
6707
5559
3099
7582
1478
3574
6322
7030
4172
4141
8625
4195
5508
2516
2636
6975
7238
5929
1051
7121
6910
4731
2611
4648
9295
6423
5374
5864
1295
4461
6011
1415
9664
589
7637
3956
5173
1908
7426
3963
6166
3706
1862
1674
1738
7174
6250
9473
218
2267
4039
9322
3211
7968
7445
530
7830
6908
9161
7029
2944
2808
8654
6549
9402
3762
3433
9376
9705
1094
2240
3832
3240
4680
8216
5733
7085
3423
8714
4168
323
6356
5147
6617
9210
2822
6236
8925
800
5039
7268
7374
8297
4589
6160
2085
9042
5300
4018
1501
2516
8040
3051
1649
3626
7265
216
3143
3948
5374
5183
5621
4148
1822
2738
1066
3106
2899
8390
1565
6455
991
8811
1490
7498
5147
4180
439
9992
2562
1226
28
306
9839
4859
1639
8049
630
6
5722
1240
5751
4300
4763
5139
7617
6553
6149
1790
2052
4595
6235
2906
302
6349
5836
1857
1472
9201
9088
2605
6805
9686
6492
1757
2394
1681
184
2116
6888
7187
8022
6948
6262
5006
22
1300
2637
9654
7602
3684
8841
6960
9331
4586
9675
5047
8272
5509
6651
7316
5438
3343
4906
9961
2555
3660
5521
6217
7519
8858
6145
5392
3175
8618
4625
2771
6087
3779
651
7487
1330
9420
9715
3425
3456
4708
1738
9755
7617
4330
4504
3678
7943
5379
4319
8556
7968
1667
9616
4043
2874
7458
1973
4546
1345
2723
316
9405
1569
11
4017
5286
6778
6220
137
506
5634
9461
4454
8953
3772
6632
5695
3357
7079
3727
7276
7323
5656
7503
9832
6793
4333
4803
7698
5580
2027
7940
2653
9348
8780
2552
6565
351
478
2231
7588
5784
7545
4690
7221
926
1526
4602
6400
3156
6747
4397
277
1071
1470
8722
3198
3955
3689
4129
4644
933
8374
406
8642
293
4604
3572
1416
5500
1442
5474
3752
2522
7701
9975
4684
595
811
830
287
6164
6929
2861
6150
9028
7809
6835
8599
6234
4749
9813
6638
1901
8524
9560
751
7593
7169
6330
4835
4245
8592
1719
684
2175
3471
4983
8327
5909
4704
883
2255
5134
6138
565
2989
9871
8843
8925
6015
8671
5561
8399
118
7210
1585
8279
5608
1151
9042
9540
4248
7661
1393
2946
8027
9320
4045
4060
2223
11
1446
5494
4155
8340
9530
6976
2890
2639
4852
8608
5256
7067
9659
4107
2871
6950
3361
9959
1867
1432
147
5263
3039
7299
3563
2591
8422
1975
6079
6744
5680
7530
5790
7576
2172
5846
9533
6815
8671
3030
4914
7433
8592
850
4576
1268
6147
3567
8301
3325
8306
8544
4475
3863
6096
8145
8580
2700
4130
137
7180
8607
6638
7071
1570
8627
999
2469
2291
3097
9171
7557
1959
6969
7005
3160
5692
3885
4344
7589
5623
6077
7485
5311
2678
5318
6904
4189
2237
5904
6738
1088
1378
8773
9308
9660
8479
7351
454
4976
8193
9385
2329
9034
8551
224
6557
8397
3622
343
5603
3681
7024
648
8858
4255
1275
865
4928
2695
7840
827
1695
6616
749
8267
6290
8831
8852
5455
4647
5317
3690
1010
1945
3066
2337
8609
2076
4647
7138
4283
2518
3566
3547
5443
5846
3926
9951
709
7376
2258
3690
4666
9731
6491
5262
2034
4406
5797
6021
7857
5374
9009
9203
1425
8363
1453
7096
4084
496
6148
8115
2118
6582
108
7885
4459
9308
219
6982
4873
8458
3623
1364
1866
5311
8381
9910
126
7935
9595
8858
6716
2983
2521
6485
3233
3355
6139
3832
7064
5991
725
661
3725
2496
9997
8414
8201
1644
7006
5450
1604
7192
9103
6164
6603
9135
8243
6665
8424
6110
7004
8163
3466
8593
763
4669
1198
6141
1755
5528
2246
4093
5978
1562
2515
7794
5430
4912
9577
5136
7673
9984
3239
7115
217
5111
5655
4885
937
8966
2155
8099
4899
6462
6715
3066
3649
8582
8233
3932
9649
4419
8989
8538
4617
6938
9251
4719
3162
1833
1555
1328
2024
4498
7495
5449
1476
3466
4002
6622
2435
330
6930
514
563
2925
2637
6346
1456
3311
6067
775
7560
4672
5340
3620
5483
6669
7448
2445
9383
4983
4451
951
2958
5247
8697
2042
6664
8464
5167
7599
5680
1258
7625
4048
363
9878
7425
7902
104
3967
2931
868
3158
6492
8215
8720
1035
3515
8750
3467
1506
4899
2902
1156
3584
2307
4022
6706
9071
3789
4794
3483
5796
4763
9043
9792
3662
7775
3597
7977
6114
9415
243
2436
3335
1020
3424
7308
485
6200
9009
2923
7449
4165
1459
3237
6253
7169
7708
7807
3458
9933
3192
9744
7183
9024
1061
6798
2708
7705
1557
7704
9231
9025
9136
8168
4841
6543
9312
6821
7652
5285
1271
6867
1793
8015
8910
8925
531
4744
4704
562
2069
3128
347
6997
1029
2994
7293
9007
210
9078
3053
5953
5587
1856
6643
3251
3537
9282
5020
1209
1570
5268
1468
5858
3930
8733
9207
7377
98
3776
8477
2718
2495
462
1198
9481
4640
2622
960
1018
8752
9549
3735
6518
5066
8547
5856
6357
3176
9888
2527
7426
7889
3504
6308
6656
71
6622
8602
6701
3299
7418
8534
5405
4930
6958
9739
5684
7132
7273
6992
6644
2918
2254
3684
2872
4345
1066
9050
9826
7172
963
5546
4919
660
2870
6743
1042
2275
3833
2508
1866
4621
7637
2315
2695
2623
4180
2496
5624
3934
199
6848
2100
7099
8281
5641
904
3177
5900
9965
1607
6208
2377
5780
84
8483
4500
539
9338
9373
6307
7266
6456
9066
5683
7689
6255
403
1289
7410
7672
1351
6381
8366
3342
3703
8813
8001
2233
2671
3420
5227
8422
4447
4865
7451
6972
8037
9253
3538
3685
1479
3506
7558
9658
486
603
5468
7972
6845
220
60
6768
1459
3953
7446
4928
6252
123
1906
4769
770
170
8759
8621
180
5989
3066
8952
1381
5960
3427
3690
490
8744
9095
3531
9839
4000
7108
2127
3121
1058
5653
756
7307
493
9260
767
2627
2429
1936
4631
8228
310
5371
6407
6428
7115
5592
4710
9837
1310
5168
9387
5515
8751
3275
8801
2288
1562
8006
4782
6297
2679
7598
5737
8445
7261
4509
9770
3496
2760
4942
6323
2167
1962
8763
9639
4171
6606
9854
4459
3605
3881
6738
9527
1512
6613
1178
6274
8009
5599
8758
856
4668
219
1949
4378
5063
7433
6887
8387
3141
5934
712
9548
4012
1619
3659
3254
4989
60
3582
9996
3211
905
6264
7362
679
8442
8095
5098
9476
9422
2218
7205
7618
7384
1716
8080
5381
7370
8999
9922
7637
2027
8506
9455
6202
1739
4926
7170
9352
1553
9378
4953
1730
1260
9552
1195
2461
4787
3814
9304
5761
5344
5450
4640
1513
2780
2048
4078
1812
9396
2413
2175
1196
6939
2066
2611
5661
6995
8472
65
4325
8887
2484
9578
975
6301
9406
7975
5703
542
4693
4815
3392
7857
7402
1921
2892
4262
4441
3674
7400
4001
5695
6388
2622
436
1789
218
7401
3313
7966
704
8793
6774
152
3023
1519
9631
5362
2156
5361
8090
711
3634
67
5266
5289
8652
7710
6731
5032
5097
4877
7723
6790
9734
7601
7199
4555
7852
1432
1793
3027
7999
2124
2099
5537
1908
7526
5973
8966
3541
8629
7306
4405
8994
1069
855
5042
6804
8347
2314
139
3450
9260
4331
2468
6701
1611
9592
6593
2999
8608
249
9509
592
2618
4560
7380
9345
9555
5691
3635
696
1790
5050
5624
3632
2903
4563
4228
1392
9993
3829
8603
9689
5503
8741
7197
108
806
1655
4801
6699
2732
2361
7698
410
5488
2077
5797
3634
5964
6582
1166
7177
4871
8249
7285
6387
3801
1398
9921
1790
339
1823
8198
9305
4478
4598
5682
1700
2233
3689
903
8884
4773
2474
6869
640
3004
6012
2019
8754
5590
6645
4541
4593
9408
3271
9198
6307
6213
3454
5213
1569
4360
4819
1075
8748
7030
4839
7714
8959
1964
894
7838
7318
7774
8096
3168
7306
152
7667
5815
8804
3512
4117
3761
4467
9487
83
245
9390
3682
3568
9633
4442
2663
967
8587
2781
4998
6004
5010
8730
7232
9116
5526
1257
9329
1750
1119
237
6614
2836
1380
7770
8688
7667
7158
5516
9142
2751
8675
5188
2820
5609
6156
9831
6159
4269
6391
746
2178
7507
4903
3332
3925
8996
4956
141
6186
7554
612
2482
531
5723
7891
1552
2469
7946
2821
1128
5601
3635
5169
9285
9487
6911
3636
2036
5226
7778
2806
1468
684
1101
3561
4116
6262
9729
9419
9011
6081
7196
7367
8973
9473
8216
7052
9855
9343
6217
9575
735
3224
9454
3744
6059
2331
2137
7139
7348
3316
223
4112
6565
780
6739
7932
6391
2758
7222
9652
3098
3206
8219
7599
6519
889
6556
326
4788
5977
3499
6740
689
9847
6278
178
5081
7421
5053
9445
924
4626
9913
5862
7784
6521
5701
621
7041
3438
6569
3872
2483
4442
5194
1701
5112
6326
4486
1336
6895
2522
3064
3979
9340
582
9248
698
2855
8145
3191
4491
9516
7308
2161
2187
8468
7212
5891
4258
9238
7382
9148
560
9272
878
5475
4601
8228
7551
6151
4074
8660
436
6201
2751
7866
5788
5659
2104
8302
1176
3725
4384
5597
249
5188
7750
9333
569
4393
4297
3865
5305
6133
2575
4013
9963
6328
8834
3885
711
9726
117
1068
1905
2278
8089
605
6075
8593
8730
2715
4790
3404
694
6966
9888
2565
5216
7352
6063
356
3879
8332
9145
5798
3832
6970
4027
4279
7381
272
8353
4057
8384
7339
1340
5454
8824
6566
5832
7636
7887
548
2589
1828
2356
3910
7368
9073
2487
7403
6951
6617
9707
2345
5243
1495
3812
9882
9904
492
6219
7403
7978
6419
4486
6865
8658
1946
3423
1056
1718
5597
8511
3977
1318
1113
1077
742
7439
242
6390
1384
8532
4225
6456
5479
7666
5271
3671
8849
7265
7155
7631
8468
3207
4457
2256
2624
5064
7213
2466
4480
5731
2038
7069
41
3011
9649
6917
5473
1502
2175
8194
6126
3061
953
1834
4703
7752
9463
3553
3356
5485
5113
5620
3124
1540
6567
3087
518
1036
6019
2529
4878
772
3214
1644
132
2956
9257
8168
2123
2887
778
9962
7926
7232
3393
9527
5089
7551
9043
2306
6266
2508
788
4185
7277
463
9020
3184
9184
7674
6599
5269
4861
645
8742
3373
6789
9279
3643
6490
6076
8465
8761
5663
7203
3806
4157
9143
6133
5378
1812
4251
1562
5796
478
1982
3198
2100
8846
6308
3627
556
7228
840
7122
1613
7219
8812
6959
7314
1504
5695
199
83
441
1879
652
9978
4012
7239
2625
8445
3654
4343
1018
7937
4601
6154
6539
6396
412
8144
3260
1771
1860
879
8196
8783
7258
7833
27
4612
4813
1098
4171
1505
8586
6422
419
9202
9803
1789
44
8328
3809
9490
6672
2569
1364
1576
8108
1556
8557
2711
2207
26
3806
8689
6839
2118
729
2872
781
6727
1595
3478
1377
173
194
6771
1017
8342
8929
8412
3889
3872
1746
838
3605
1880
781
6454
9771
5036
4713
6454
9848
4371
3433
3299
7523
2337
7084
9737
9954
82
2862
1778
7300
8718
520
6604
5835
2669
3144
5628
7389
9206
3251
4243
2391
7341
9954
3920
1035
2194
214
3231
2371
4915
8256
6601
1194
7894
1574
383
9599
1062
8965
2932
5999
3653
5417
929
3301
9848
9006
2660
693
9250
991
7833
4810
9712
8138
8524
271
6658
6926
724
9914
1296
6580
8615
9533
7577
9709
6627
9291
5437
5633
8808
494
7185
2244
7037
2355
583
8331
3478
4976
29
2343
4064
8786
9398
2848
5732
847
4268
9427
3321
8832
1790
2791
1954
4869
1047
2548
156
8893
5881
4149
6654
6463
8203
1370
5924
1400
3519
1385
5995
4449
7211
2034
3196
3598
9731
3446
5871
8323
1872
23
6945
9038
9604
4231
3304
3029
6930
4007
1115
2079
8613
5281
3761
290
989
8599
1875
1366
5404
8197
291
8717
5578
9293
8163
1345
9220
7446
1879
833
7351
2848
671
384
2102
5583
1012
3734
3906
1719
1141
152
469
9857
6048
427
3164
6418
7397
5235
1572
6638
9633
9043
7376
7301
6024
7792
630
7184
5775
7867
4132
9070
3823
5552
4747
8358
8828
642
6557
1263
8654
8875
8080
8355
7473
343
2165
9050
4626
402
578
2508
970
816
4473
8723
531
9186
9216
9820
8918
6979
3247
353
8081
2517
9109
6671
5957
864
9709
7532
5414
9724
7392
6361
2378
8573
62
7583
1647
4610
9493
5671
3216
8757
5440
5007
801
7717
7369
2130
967
5689
2756
4015
5778
7521
1752
884
8954
2048
4031
7948
1767
3366
4824
1590
3913
6678
1081
4808
2089
1205
7487
9736
807
3562
6044
2667
2938
2566
816
9410
9743
7889
8640
1084
2117
892
6613
5505
3660
3581
6226
7557
9402
8538
974
6756
7120
4724
8866
1188
2968
4138
2266
2366
8359
1928
6957
660
6182
3415
3658
8246
9177
8015
3693
1273
7697
7097
9558
7345
7953
6218
198
2716
696
9791
3854
8733
3683
899
6348
4996
8469
2745
1194
5086
2987
3603
9457
7867
2394
610
3550
2404
6502
3077
4425
8232
7286
2890
1719
9115
7502
7028
8731
7045
4448
1998
3162
2831
4140
2491
327
4674
6364
6653
565
3130
2947
2261
2997
8900
3216
9645
9941
7954
6190
9487
7806
4689
9040
3744
8696
7873
3977
2147
8164
4139
3959
2727
819
4477
5757
9735
2819
5855
3776
5563
6574
9742
602
8756
8214
5587
1473
6735
1090
7142
3830
7077
2590
5633
3527
2859
9449
9100
6259
6077
3162
7709
5963
2943
6008
472
4745
3946
2801
2377
3838
6075
1229
5013
7942
4742
5476
425
6237
2021
4581
6876
2270
4649
9464
4708
640
9659
4085
9455
6732
2019
7948
5711
8092
7577
7566
9341
8076
1451
5750
602
3160
2184
1973
4100
6954
7981
8568
815
7305
2998
6795
5467
3169
339
6699
8012
6983
31
406
4600
2073
6774
1055
3381
1490
9760
8338
9805
9062
7826
3970
7327
7281
2857
2970
7611
4163
2987
1602
1754
523
2462
1110
2613
1163
8311
3236
6129
7725
7398
6599
9690
7966
9707
969
3539
3415
7429
2152
2653
507
3838
2810
3661
2098
9452
2167
72
7397
738
2145
4259
3710
2868
9066
1945
4277
9296
5579
1461
395
6910
4627
1822
3875
4454
8421
478
2704
7188
9622
5608
1520
2351
5789
4142
7324
4052
7313
1446
3005
2741
2659
5213
2355
2832
3176
3416
2089
822
4827
6918
6156
191
8896
9168
3125
6272
29
4446
547
6881
7451
2024
1685
7115
2541
9770
5706
2303
8578
830
1419
9769
7885
5370
9234
655
7024
5318
5349
8867
2364
4409
9165
4116
7804
7447
2494
758
1198
3318
803
1271
7381
2196
9471
6089
3134
8748
3099
6713
8122
6075
661
5197
2933
5225
9772
3956
2005
4077
9791
286
6620
7394
3018
977
9257
4872
9826
5018
2842
9983
2652
7901
4030
4056
7937
3690
4482
1832
8163
2044
6780
6595
742
704
4054
9510
8146
1528
6109
2356
9586
9503
2110
8401
9431
6992
9988
1089
7774
7387
8529
9106
1555
7827
1163
1492
6661
7788
1022
9410
4297
1752
9997
9214
9780
3616
2423
415
3821
4654
2425
6465
8307
7662
1768
9795
5679
2604
2853
4651
8882
7288
1585
3802
7588
1718
1150
8714
1796
6297
1858
5355
2459
167
3196
4089
211
2485
1951
8016
9958
9392
2119
8942
549
8381
1351
9327
7757
1523
9712
4483
1743
7730
6979
169
3960
4649
8924
3856
767
1140
7880
9457
3541
2520
6376
6153
7770
6245
7102
5449
6870
5214
7269
9432
4934
5098
8606
563
5151
4807
4956
8988
6677
468
3399
3215
620
9850
2287
8095
8907
9426
8090
9078
3474
1905
189
9211
6556
4362
209
4044
7798
1878
4423
1133
4079
8067
3187
1193
5950
1799
8814
8482
3888
135
1348
2035
5338
5383
9630
923
9916
8120
9445
7271
8107
7620
7895
8102
5999
9573
4910
4952
4735
3602
6182
2478
8787
7215
4758
1397
927
3679
8968
4919
7103
1591
9300
4624
6452
9561
6688
9714
1669
7608
6031
7181
9486
7074
4625
600
7085
8517
7184
5194
8700
9802
1388
2747
5011
2595
351
3883
9861
264
4970
6347
9609
1528
3761
6506
482
9210
2881
5433
8583
7981
2772
767
842
9363
5144
675
8048
7351
4833
7756
2775
5728
9297
5236
9606
6199
5011
5291
6093
9017
8705
7144
4441
8223
9469
4733
9080
2814
9384
8098
4878
7807
4426
3289
6220
1928
9120
5597
3299
7114
975
8374
2164
7503
4374
2309
5507
8241
1648
8547
2164
302
6145
7536
4217
6877
6931
568
8230
9455
3375
8253
5652
8980
8306
1847
5073
5562
2170
8523
2122
975
4250
8318
6140
9958
7871
6813
6947
6671
3616
7070
6982
513
7826
8125
1405
3167
3456
5642
3333
7884
585
3871
4330
4478
478
4371
2602
7733
6736
5826
7636
6139
512
83
2274
3306
8255
9652
2378
2230
8852
7395
4637
8030
6555
282
5946
8272
7503
6054
8080
3823
781
7994
3470
6321
3246
9909
4957
7904
8683
5168
5171
3725
986
9018
7563
9212
594
1052
7663
3528
1670
6169
7093
3110
6088
6624
2267
8552
5874
3746
3590
8568
7861
9352
3489
4345
3987
4499
5546
8643
5462
9396
5164
81
3291
9785
23
9121
7082
336
1006
2244
1582
7391
7614
4901
6592
6948
8620
3174
248
9761
7254
1069
4873
7836
9896
9620
3339
7278
1235
7137
1335
113
8976
754
1451
7491
6836
7769
3682
3122
3495
7175
2498
9462
1103
7985
6742
4937
2132
7068
2556
6620
2516
3946
6685
8648
320
9814
180
1819
379
8137
1196
5828
872
2734
1021
4264
8686
1941
896
6348
2244
1305
4037
3292
8385
5383
7717
9634
3095
8177
9254
1830
9955
8911
3214
8381
3831
1173
5725
9336
8528
4882
8450
1570
1757
6542
1956
9920
4432
6668
7901
7886
1363
6532
3022
2270
2585
771
3325
1737
2867
5772
2661
7315
1326
594
1634
5083
8085
4344
5993
3995
6267
6729
7865
5878
3341
3760
3249
4228
1030
2495
8251
6894
7917
8567
8788
3651
7668
8787
3141
3292
8138
2260
2416
2484
6792
6809
5120
7036
132
1688
9871
3988
7024
8986
7725
934
8480
6960
6481
172
8847
2285
1050
1358
1112
3576
4737
6238
4212
8483
7383
7194
6458
4812
5099
9577
6192
8450
5423
2295
1684
6185
1471
6636
9343
3585
2071
730
4869
6954
3694
8493
8817
2595
2402
3225
4674
4410
8053
171
7270
4551
1844
1768
8194
6014
3710
8853
553
891
7929
7008
5696
2718
6227
6578
2460
6006
9072
7352
9875
9827
3906
5142
7906
8255
2664
270
285
245
1192
4878
9400
6533
6238
209
3556
8584
3972
3301
5183
7802
3722
1184
2774
9159
126
8733
8160
9924
2167
2953
9291
9929
6018
8468
6519
8377
4215
339
2489
3516
9413
7256
1236
4643
5377
397
8250
5312
6644
6211
6035
6580
923
1828
2902
5813
7230
802
338
4039
1542
8086
3633
87
165
9530
6473
570
1118
655
1036
554
5248
3538
2583
2604
4752
1086
2315
9147
8903
7180
9272
8943
9023
7789
1934
4096
915
3587
15
4356
5612
9855
8947
6958
3595
2992
5728
6605
4780
7396
5526
3535
8641
9144
9376
3023
2310
1642
9620
1068
4520
648
5418
9360
8629
8907
9573
4705
8397
4118
607
3499
8014
4619
3563
4605
8228
2049
5840
1200
9477
359
1588
9671
8936
9828
5657
4699
25
7985
9197
2843
390
3751
1865
6710
2759
6568
2680
1429
5347
286
7144
4876
6277
1299
5100
620
7618
70
3131
4820
2746
2200
9727
6029
1999
4601
7272
6033
2853
6599
2938
897
7627
9713
3673
2343
8823
3701
7307
4054
8576
44
5698
6567
6981
6619
5480
7974
4360
7585
5102
866
9737
2741
7262
9447
7297
6810
9014
7635
509
3725
4201
8704
2805
5216
9165
7089
1399
5586
1345
3009
1492
4418
2989
7438
8851
6818
756
3872
3635
2946
8644
2259
6048
1088
5685
6762
1956
8976
256
9920
8462
7546
6431
8958
2353
6351
4917
3369
714
6354
9489
9119
7414
9610
8329
7445
5127
9266
9337
1511
8307
7304
2045
8553
2320
3736
31
517
7444
6471
1480
9033
64
723
6016
3927
5500
4884
631
3896
2782
8468
4624
4476
297
4988
993
4173
8987
2705
8787
1776
5916
5700
3948
5073
4393
3789
6259
3612
7173
1263
6073
2004
3655
7332
5232
9282
9984
9184
2296
9226
9501
3494
5174
3790
2981
7698
6825
1489
1449
6426
3741
2954
6231
8173
333
8030
5371
8531
9819
4974
5004
8401
9223
8908
741
4833
5937
4454
8988
9290
6829
3458
8659
6511
9867
3784
9728
5723
5924
5348
8029
5746
3633
9443
3022
7568
6604
526
7815
4542
9675
5035
931
6210
5205
271
1247
3556
8870
4143
4678
9948
6897
3407
8044
6572
8415
6517
9847
2379
9795
8598
542
4484
9482
7553
3265
5148
7776
7020
1991
1813
3582
7727
6218
4633
6176
9964
3430
6059
4996
5639
5982
3517
8627
1535
1791
783
4946
4558
9504
989
6636
6459
9419
8112
5243
8584
7187
8489
9994
542
3122
4378
2634
9976
1543
6227
2499
8459
7730
7080
6940
191
2868
3601
8157
5235
4532
9135
1429
8128
4668
9468
8995
6218
484
9393
2527
4539
446
1142
2553
9966
8198
7048
6573
151
5456
4262
2395
8877
4874
6491
8424
6062
3140
7782
1011
9578
1575
2856
2142
7067
8802
6345
2147
4318
5658
9690
4956
7580
4478
368
2531
1840
9682
7089
4292
3076
62
3319
1495
7780
9291
1257
9360
5738
7183
7922
9435
4635
4572
779
1430
2336
3399
8226
6957
4139
5373
5977
8158
5147
7113
7728
8194
2151
3605
494
3002
207
6901
4004
5079
1704
4602
5444
5394
7743
1832
806
5885
2450
9741
1956
9795
6735
8882
5110
7034
2617
830
5282
9873
6244
2921
9918
1684
29
5934
6363
493
3498
1475
7427
1356
4350
1437
9872
4923
4385
1430
2323
5052
2540
5447
7099
6451
2730
8274
3388
30
8413
7947
9217
3235
9871
9915
4075
6202
5761
5495
4600
8975
5482
631
8558
1714
9886
9111
7214
5589
4212
51
8299
3841
981
6516
3041
5155
2521
9834
2934
7506
3102
8643
292
1853
5665
6570
9245
1820
9380
3543
5512
7622
5697
3150
9259
8484
9775
880
6880
1036
5018
424
9604
9110
8883
5022
4113
4393
4267
139
1236
9934
1839
9709
9546
8975
4091
2064
7067
527
956
9916
2627
7697
8474
8774
5017
7792
3104
4487
6957
5861
463
5138
9927
6359
7310
4306
3492
5229
1456
5755
1392
413
7772
3182
324
7089
9971
5737
844
9247
6010
723
2150
2292
8512
4072
793
4399
4405
1687
9037
1651
5536
780
3704
8371
7892
5032
2665
6895
7385
8024
8269
6808
3517
6103
4603
5912
8703
5022
5068
3901
3044
7713
1958
8758
9855
6056
4491
304
2550
5717
9405
3054
804
9451
8055
4572
6218
1014
1420
5322
8088
438
804
9736
1719
8248
4408
4276
7965
8959
286
4645
3632
8136
5584
926
3826
3837
1713
9329
7378
9390
5644
3481
7514
1815
8116
4682
1567
8449
7644
7170
1847
2009
7778
9170
1333
7658
1070
4243
4542
3190
7998
1165
55
4493
4418
9318
3531
905
850
715
7670
993
9408
6778
4603
6098
6864
3600
9998
6229
7097
1905
3937
3194
4864
2346
4173
5867
5988
6377
9117
793
8538
9610
6891
1521
6460
9016
553
5434
2703
9293
7372
2084
1122
3606
3967
6645
5099
8335
1753
3117
4927
9559
3255
5870
759
8634
7329
7081
5083
1330
3257
9371
6118
3076
5062
568
6711
4411
8877
2678
6299
1359
6312
7595
4464
1021
242
9122
898
1338
2415
5723
1161
7899
606
8032
4967
6212
334
7753
7519
6530
3448
6258
2513
4326
1570
6125
2985
3626
4882
4351
3412
2629
1673
9940
4756
7386
3943
3002
5653
6794
6939
1859
292
6231
9187
4540
532
45
4489
134
5007
3839
554
1521
4716
4266
970
4051
9058
6459
4583
5608
8387
5541
7919
4964
3909
4329
733
6015
4671
1159
4596
3501
4876
5275
1682
5737
2319
7458
5576
430
809
6767
1402
521
1098
5741
6440
2526
975
7112
7322
2860
2502
2556
6368
8605
8903
8036
7775
8556
3417
77
275
4117
5621
2108
7070
9319
3519
812
3644
4423
4370
7181
3527
533
1775
8143
8875
3442
5852
4427
3756
4769
5777
3972
782
1791
576
1622
8741
1632
7062
2372
8719
1174
9821
1466
5844
9818
478
5840
768
8193
6480
9507
1039
3515
1502
8885
440
7793
8352
5121
474
4764
5091
3753
8923
7103
4439
2447
1569
848
1377
9449
1443
8570
9279
6884
1121
166
9072
8497
6324
9652
4598
6101
881
3381
5940
4580
1447
1512
1639
8875
4404
9163
3851
2795
5056
444
8270
2976
3644
2267
3235
3462
4702
4444
7072
224
8901
7214
7278
4047
6512
608
5163
8405
7304
4823
8917
7351
7823
4983
9524
4259
3993
7274
8880
8489
460
4330
3540
847
9910
9799
3204
5302
6431
7336
7526
7466
4566
6009
2928
4660
4977
9613
1677
3391
3238
1545
2889
9135
977
9193
7638
1084
4593
8457
5292
1802
5403
6308
2680
1357
5053
1532
6789
520
5068
916
6606
6207
1743
1960
7379
6620
4848
1666
6748
5997
7933
8196
8977
9485
57
1543
5244
533
9497
2324
1028
5202
5569
6007
2941
1260
9885
2479
810
344
2341
9391
765
654
1681
9706
8977
9900
5962
7038
2635
5468
9536
3481
331
6476
3063
1312
8064
7402
4729
2484
7429
4647
6865
8703
9782
1991
3578
744
3892
2287
1959
17
1420
2296
8094
9652
9582
984
8620
5289
6824
6066
5234
201
2970
5134
9086
2970
2076
5847
9507
8113
5530
3516
7498
8455
327
8061
9357
7084
3415
1155
974
3721
5549
6203
4420
8304
330
291
3059
8080
1252
1995
1757
5654
5709
4448
626
1983
4243
7544
2257
7229
7814
2631
3147
6143
2554
600
9267
6345
6773
221
5542
3184
8227
5151
9667
1138
808
5957
5495
156
4201
8726
5479
9295
2154
6180
9066
4603
6727
5398
5128
3463
5486
4401
3207
6089
1411
7151
3486
4961
9413
3155
2074
4630
7261
1713
7521
2380
7408
461
8793
4960
5371
4936
1492
8704
7562
8121
7051
1575
5917
4903
4641
6123
816
5891
9748
2207
8206
3476
1928
112
5384
4699
7198
8254
6967
2972
7258
7980
5900
5042
3694
5216
9409
7198
5794
2771
2653
8931
1607
8675
7625
3337
8213
4838
8781
570
7997
1186
6964
6004
5551
8840
8215
5873
7147
3183
9410
394
9839
7635
2483
1721
4768
2466
6559
2028
7467
2312
7625
2591
7793
1695
7528
1679
6836
6170
4280
1726
7798
8489
1166
453
9518
2967
8918
596
6736
3863
8465
4396
1492
7551
7048
4649
9774
2313
1274
5571
5190
6726
8048
1767
3394
33
5184
3409
1591
2782
5083
147
9018
7332
9458
6405
5280
8393
7243
5360
8485
3463
6410
4419
3601
5832
6820
7437
3398
5874
2328
7063
75
5513
5926
3807
5815
493
8850
147
2806
6618
4069
6995
785
4894
9164
1498
8909
5122
7134
7381
7565
1775
2828
1486
2575
9984
4587
1864
7682
397
8884
6381
439
9593
2777
7501
2271
324
4088
6407
3323
7522
5837
4931
6335
4003
9421
8703
4241
9131
3312
7437
5184
949
6390
4330
6918
8770
5809
2817
6259
6095
7799
7203
8891
2055
3318
4532
1359
4079
5378
2251
343
5226
2815
333
7560
53
2234
3499
208
6295
153
7652
7948
2763
5688
1241
5000
341
8470
722
4573
6209
5203
6253
3954
3525
3880
3964
7200
5564
5769
2877
8458
8576
9509
132
7871
6861
811
7052
6071
6085
6171
2327
6882
7199
4357
2349
3555
5417
3653
9755
8144
4084
5282
9022
7524
7667
594
627
5683
9865
7791
7931
4672
7188
3919
1016
1050
2013
94
770
6133
5826
3714
5833
3358
1878
2197
4464
9536
454
7323
4784
1875
7566
9519
426
6607
9086
3376
1907
3175
411
9746
3187
9909
3936
5396
4098
2131
3823
6394
5646
8422
64
8808
4465
2360
663
945
8114
4179
4749
8243
9956
5436
5553
9951
9410
6754
5422
2570
7527
3667
7940
353
1119
7102
3034
4266
507
9784
9999
9940
9798
3955
2754
2271
1769
3072
5086
3503
6278
8433
68
342
5367
388
1431
1487
444
39
2672
9323
4844
6382
1337
7416
5985
4531
1088
3522
5318
7136
8703
7106
6651
2253
6458
701
4360
1829
4852
5634
5154
8474
825
4358
9854
3841
5906
1198
4735
9818
5676
3089
9793
1282
7938
1180
3408
5729
4232
4989
4085
921
8128
4529
9406
6483
2113
2594
295
2461
3535
7797
3485
8632
6812
7898
4649
5510
1157
3559
2122
4108
7304
9143
6999
5458
3658
5052
4654
4510
3813
974
2705
9333
6430
6436
5683
9717
913
3866
9135
4739
3532
650
3663
7269
752
9714
5538
6012
970
6278
2233
5953
5362
5642
8355
4051
85
1763
3429
47
9305
3983
6080
7559
2376
5889
4412
4153
2277
7703
4669
2102
2264
3290
3879
8135
6393
8579
5711
5515
4988
5180
3243
4572
7645
2610
4445
7501
6485
7354
9426
5916
3307
262
153
4987
7198
4578
7774
3849
2892
7543
8129
1111
8932
3192
4971
909
2776
8604
6911
7890
5372
5000
9731
9334
4869
5828
5639
3460
9599
3655
9421
6861
6739
3361
7150
5769
7812
9957
4575
9013
9509
1998
2807
4639
1528
2393
613
320
7604
1379
4321
4225
1804
1879
1027
2328
2979
7033
7271
7444
75
9374
266
601
5144
8264
5227
4252
9009
7890
2193
5593
7112
5842
2855
9560
4694
4808
8586
9077
6099
7353
1067
882
5752
3460
4127
8074
1500
7125
4066
8618
372
703
7446
6785
7865
5894
1208
8055
1300
2096
8540
2983
272
8889
9886
4578
5763
2560
542
1077
7834
335
7457
3021
2262
4022
8440
3250
9271
9609
1328
4239
1336
4076
4847
4459
3974
6185
6599
9357
1179
4540
2085
5846
5754
5088
1753
2224
6888
710
1294
8283
1556
1356
2735
7661
3728
1191
333
9865
817
6178
2933
9993
9755
893
6226
8564
7056
4232
9110
1903
3223
6020
642
6789
8528
9684
4694
4842
2094
9252
7142
4329
618
8890
8234
1528
7880
9563
6602
5309
9421
4565
40
313
893
2623
6436
4636
8508
5938
4723
2034
8013
8714
933
8490
4780
6168
1442
8409
9557
8448
584
6514
8171
4645
6806
2257
2528
2839
8772
7701
8944
4093
3323
1383
1181
9858
5502
6778
1781
9907
3287
3709
4347
8808
4638
428
3781
9356
2151
5672
6699
2972
8931
6192
1023
980
9233
1194
1369
9235
7066
4247
473
8016
6059
8004
7503
2225
4976
2435
882
5124
9686
527
6175
6825
9324
6991
701
3502
4809
7516
7946
8707
7112
9449
4026
1947
6909
1299
2523
3533
2049
7300
8793
8588
6943
1132
8266
8884
3043
4323
7697
8941
1820
9297
5908
7460
5821
4296
7750
9088
3953
9545
7129
5059
6660
4008
3050
6784
8402
9975
7628
1469
1268
3545
1797
6885
1072
1542
3514
7884
4391
544
7345
6478
8007
6134
9826
5365
4481
8538
9621
8468
3754
2866
9820
927
8748
6989
279
7549
4706
3343
4705
8430
2866
7351
6158
7080
5502
9770
5516
9861
5211
7566
8690
8878
5864
6015
581
8071
9999
8464
7831
7345
4727
5698
3358
1840
914
2704
3551
2238
3240
9744
952
5419
5951
9469
352
535
8414
4593
3225
5276
1490
3032
2459
9528
4090
1212
3586
9092
9840
9286
31
1040
4664
2232
3500
9465
9152
8165
8076
1127
3291
3828
5755
6542
3056
7528
2054
8182
1502
7418
8040
1648
238
6018
1305
5075
2183
2237
6357
9429
7913
1490
2753
588
1980
7463
2515
2169
1177
6798
2740
5449
7416
7117
1629
4343
9457
2568
5623
4696
3988
8352
1323
1359
4943
9693
7031
6104
2076
7713
7194
4802
4729
1768
9993
3933
6640
4301
5271
5496
3723
812
3700
6850
8829
9485
16
4232
1671
4616
1293
7348
7951
3205
3047
9793
4021
2258
3771
6537
6220
71
3751
2782
5677
5914
6510
8107
4660
2646
2897
5250
2699
3956
8312
8764
1649
9696
2894
4917
5170
8895
4030
9832
7584
9096
6967
1457
994
4206
8740
8587
4919
2501
1113
4153
2374
191
8861
5396
8204
335
9306
7817
976
5075
3839
3324
3323
5669
8505
8448
8548
7791
6564
7032
4501
3896
6598
6718
9873
2883
8629
7125
1530
6092
7719
5594
3393
6325
257
2946
7715
4945
2709
6454
6545
3774
8984
3817
5482
9212
21
5950
4228
9022
7234
7713
360
7610
8685
5350
4554
5334
4546
6767
684
8061
4958
5649
2046
1854
9904
30
2956
9229
4705
8303
8399
7117
1899
6647
6540
9283
6851
6871
360
129
8584
5780
45
6938
7993
9661
7375
8214
9705
7019
8766
551
7853
5090
1851
9474
2764
2615
134
2744
5146
3614
6388
1045
4450
5108
9045
7399
8971
4721
4353
6382
8450
6480
4075
759
1896
4372
7753
376
4746
4925
486
9300
4320
3391
5712
595
1094
8729
6896
9316
3950
5589
3314
9476
7185
1964
5908
3696
5717
4218
133
171
7842
8649
1643
9618
4299
9320
5771
4174
9560
5057
4315
1435
4097
4534
4587
365
4787
4983
9694
5295
7165
5915
7924
3104
7274
5142
8833
6047
4643
4954
6934
5063
8136
4231
6393
256
3707
2245
2588
285
3634
1697
2148
2297
2051
1720
7138
5224
4422
44
4555
381
4654
4230
9933
1658
9585
7301
3880
6750
9620
1469
6314
6142
9669
2677
5512
9130
910
6935
3208
3293
1913
2194
3207
1726
253
8404
6695
447
5491
3354
8507
3576
9523
858
6146
2450
4310
934
2038
1252
4830
6557
9664
2003
887
4047
9252
4928
5002
8125
6130
1079
8892
2380
5034
670
7229
129
4972
2075
5393
4807
4017
2107
2873
5921
6790
985
6106
3427
8228
7227
1946
7527
6246
3543
3645
7183
5600
2287
1424
7202
630
7022
8541
845
3774
2918
4215
2593
7118
5063
8187
7615
8133
2661
5213
9604
428
5147
489
1634
2303
1955
4998
275
4467
3026
2227
2261
2799
7895
8522
9941
1401
2136
4874
6383
3354
3250
3375
1043
8860
7377
3758
1345
6262
714
7150
6787
6300
4498
4173
3708
7079
1072
5351
3464
9303
4660
8478
1215
8070
9169
2155
906
2481
2359
3611
9593
4655
5018
4171
4330
3556
5220
1906
4425
6906
5952
140
958
4570
2997
3291
3338
9030
4547
5295
5749
7904
7154
4051
8008
8480
1657
8180
8379
9432
742
6986
3054
9134
8009
5381
102
259
5253
4245
4209
7409
7471
2571
7349
312
1899
3770
1677
2789
6158
9318
4010
8541
1021
8612
9488
7731
2866
7159
6946
8513
7362
5796
4825
4267
1263
776
5496
7989
9481
8255
346
7403
6362
4390
8116
8141
5859
4020
913
9547
5814
7312
2673
6826
7618
31
8835
4904
204
654
9780
5758
4207
4812
4480
5371
3057
6464
8218
3735
6152
9532
3885
903
7934
5048
2553
7548
7820
9009
4373
4470
4679
8292
308
9623
8476
6816
3883
3386
7554
3597
1672
948
4419
7600
1981
3148
2471
8648
5405
6708
7968
154
6365
5672
8863
2669
9479
8275
6250
9776
4021
2253
8485
862
4640
3002
1347
9068
1789
846
3926
322
1529
4962
5382
7517
5615
1992
1690
2392
1399
7046
7933
8485
1420
5630
6436
2712
1887
7089
6646
1460
8679
119
6546
4782
1398
2943
2001
2268
4792
9047
7575
1059
3385
3022
399
8869
2270
4193
3496
9479
2258
5273
699
2766
4219
8579
7864
4378
3939
2391
7258
2318
5868
9234
792
4815
3061
7841
4684
4505
4780
6818
6884
4200
7563
8891
2154
1571
288
2875
2932
7075
6578
4439
9551
2811
998
6109
5703
6273
7245
2289
4890
8048
1262
7055
6721
7773
4176
5876
1058
1913
2584
2420
4103
4851
4250
7638
1471
6031
3746
8131
3080
2648
2725
7444
2581
665
3015
3098
7624
5296
2098
5404
9403
2706
1652
8554
4221
3185
9872
9160
3084
4461
4757
4132
8215
5319
8690
3762
7734
69
9408
5519
286
3698
8189
3005
4596
8507
6669
27
1541
9471
7655
3788
7898
9320
3005
9405
1304
3998
3493
3398
9286
2014
3365
9127
4292
2632
4187
799
6224
22
8884
8024
428
215
9253
3132
1102
7990
7530
4679
3631
1638
2951
8883
7825
5667
5725
7821
5014
1765
9545
3034
2187
8708
7537
1430
3191
2644
8475
2886
6019
3038
2747
2714
3886
32
4315
53
8590
303
9922
9743
2528
1142
4130
8704
8288
9885
6159
3279
2369
8158
6905
1477
1378
2636
4916
7587
2766
8865
8640
4104
7567
2141
4607
108
2844
7148
7110
6007
9610
9688
4775
8460
7615
1701
8529
5795
2395
2050
5240
3640
8609
1429
3485
7884
4383
7484
85
9957
9698
9198
9079
3037
5335
6138
2368
4184
5703
5743
721
3560
1260
5558
9591
8421
6389
4376
3270
9560
4808
2676
8410
3652
4071
198
4876
4366
5775
2594
2308
2003
8863
2665
4193
5352
8078
4372
1200
7327
8266
3339
4154
9494
1048
8581
5
6905
5478
5038
7550
9771
5337
1004
2352
7656
83
6990
1652
5977
9885
8274
5357
2741
6057
3539
7566
7225
3247
4919
2778
2722
8701
3882
149
4453
5387
917
8702
2644
1737
3684
8233
9833
749
9152
5767
3602
964
5569
9339
4513
867
7086
2347
287
6581
8600
2671
5171
8540
2082
5679
5984
4795
7843
1930
5332
2557
2649
1840
4212
6268
7051
8315
3634
7662
7731
617
7816
6577
8136
7398
468
8095
5656
2213
5380
2001
2939
6139
966
285
7685
3239
4736
9638
3805
9325
9916
7681
603
2949
2833
9846
3112
6366
1988
366
8832
3729
772
4645
1015
1992
6668
7230
33
8990
3839
8899
9692
8861
6264
5795
9021
154
8402
7147
3879
1947
1367
5424
5848
3442
5020
1348
1632
5028
2164
2085
3445
12
6543
2481
5656
3420
8800
5821
9162
7734
1555
4698
4136
9728
2327
612
6546
420
3997
6743
347
8997
3971
5161
9068
5590
1229
4880
677
1994
9589
5431
7415
2351
2912
285
9967
6832
1418
9411
3665
2693
8976
5961
3028
2159
7996
9614
4516
2473
7540
2991
3057
8560
3649
4592
4403
8726
2783
4557
7905
582
8853
697
737
2049
2775
3153
6229
1458
49
3523
9792
9392
2073
3595
7892
9220
6496
3159
7299
8094
23
1407
2205
8400
7448
2921
3001
612
5727
9444
9100
14
8361
802
649
3654
2199
718
3064
7239
9613
3304
6256
1206
5140
6901
8112
53
5137
4311
3683
1429
3877
4609
5346
1902
8432
9606
9830
7851
5371
1233
4603
5577
7157
1927
4617
1626
5881
1145
7324
6983
9841
1719
1028
538
3623
3683
8488
3527
9146
9236
1215
1030
6164
7134
6663
607
6951
9245
2930
311
8674
5259
6606
8407
9710
3362
5479
5068
2280
7475
8192
72
1806
2745
7615
129
580
949
7875
362
1673
6565
7358
3730
4122
9107
8596
7338
9389
9126
7696
5502
6183
5010
8780
5856
177
2956
6518
7603
6577
8078
8202
8059
7505
6258
9132
3125
7266
4839
9525
726
9145
954
3770
9671
7790
5868
4495
778
4902
6720
6176
7787
2635
1918
6557
7116
8642
9388
7476
5650
3001
9616
4410
9413
5755
3581
1300
4621
4730
5474
7408
7556
469
4646
189
3720
7080
5836
9307
6843
3818
4151
3598
3487
490
5937
6011
817
9616
8307
8528
8354
2094
6462
3192
4291
9995
3143
9390
4479
8377
902
8165
3055
4218
4903
4174
2072
2901
1120
7061
5724
6195
1408
4908
4189
4439
5138
6523
738
1905
8431
1353
608
6494
3278
3203
8748
7616
1039
7492
3230
1360
7477
2700
6578
1489
8630
8751
5137
2949
3076
4190
442
8511
7056
2471
2474
6236
576
2845
9286
3609
2983
8915
8328
1752
1106
4643
5341
6626
578
5966
4257
1
7678
1105
9766
1029
263
1536
5996
3748
9389
890
2848
1644
5533
4009
2740
9179
5017
655
4859
4615
1165
129
8806
464
9704
2878
2292
8712
3594
3211
7397
7104
526
1708
382
9373
2096
9015
1841
7972
8599
3796
1218
6303
7989
7956
8667
1813
5419
6188
2020
4305
4525
580
1154
9931
2295
1178
5086
231
7659
5527
8368
6121
3325
5960
3962
9256
1937
2274
6568
1542
528
5943
6067
7001
1381
6428
1234
1401
6990
1009
9097
2670
3299
9060
6515
1508
1503
7591
7855
2792
3885
6298
5184
2382
5282
7549
580
9234
5844
5711
3016
1997
4514
9110
7483
7630
1046
5054
2452
9775
8216
1632
9668
432
2197
5071
3649
3632
9608
7025
7039
8430
6259
7640
2286
8229
8923
81
8823
327
1918
7669
2066
2812
8938
6458
9789
678
7100
9899
8939
3910
3677
5770
8865
6715
8224
4855
2416
6953
9264
8572
9947
8710
2686
6562
9862
8512
7160
7758
1931
4567
2740
9332
2683
9963
8713
4962
1114
333
8839
2020
2283
1660
3245
4871
7167
1563
7602
6960
8991
8496
4292
7961
185
4849
1905
2313
6358
8708
8684
150
7784
4949
1507
2819
840
9665
6938
5138
8957
7237
7216
7082
5314
4839
2744
3689
8293
2045
6074
6980
3470
8793
7535
185
2985
9241
9304
7254
5441
1100
5611
9701
5777
5329
9596
151
9039
1491
2321
6553
195
536
7628
7126
6757
9817
1472
3138
3505
1507
7924
6389
9742
5049
8553
3146
4016
2392
2039
8160
8082
8421
1476
8040
4511
2998
7030
8760
6010
6091
3449
2644
6799
7904
2946
8814
4299
7353
9567
9734
7360
5869
2630
8856
8030
5969
5829
8692
2418
1023
2693
1000
5597
8314
6727
3668
9729
451
8860
4463
4862
2433
1329
7026
7512
5279
3937
629
7870
4988
1330
1484
1900
1604
8966
2339
7744
5752
8099
4884
4097
6487
4934
3283
9064
6294
3332
4307
8905
4365
3128
9974
5914
444
4750
4727
2233
24
3551
7745
5343
3244
4880
6734
6525
698
1102
9067
2464
8220
2156
6147
4816
6543
7558
494
5836
7495
6822
3659
5690
7253
5189
682
1862
842
2416
2094
4828
3774
2267
3271
9984
5783
5454
9042
5222
927
234
534
9123
1983
2083
2128
9250
6889
4652
255
4974
6129
7199
8648
6705
7593
5052
2985
580
7979
6551
4240
1027
4724
4439
3539
1618
5275
6288
2243
2030
3050
3489
1607
8924
3019
656
3568
1551
7524
5612
2473
3344
3349
8874
3869
7353
6697
4176
3834
6786
7134
5088
7635
6678
4856
1249
582
7022
6781
4472
5604
8573
6452
7896
4287
2510
507
8296
6192
848
3653
9502
7726
8588
6650
652
3037
9261
5222
6490
3759
359
5517
4783
373
6154
3630
4533
9699
3208
9556
7759
1849
3438
643
4333
2106
6453
8126
3037
8566
6441
2562
6494
60
8494
9826
1517
7484
6545
8555
1069
734
6123
6990
562
2697
657
8240
3807
1954
5149
3923
980
31
4257
2865
7949
6207
3860
7793
2044
9430
7732
2108
2149
664
887
2673
8814
2478
6760
810
1522
8543
2346
4181
673
271
4498
7012
1784
9492
5636
2196
8991
941
8875
4212
5453
2103
7982
247
7328
13
4118
1052
7627
8010
1474
8406
1791
3678
9947
115
9862
8485
7453
8230
2354
7155
9031
7607
6047
8803
5323
6627
7079
2880
8340
926
4584
4349
316
7101
4560
3111
2902
3415
7254
3821
9287
384
2726
5075
2574
708
9844
2265
9176
4361
667
274
9520
4927
7564
2847
5969
8900
9536
9927
1325
3802
8258
7562
749
1279
5929
9412
8661
2167
8108
4469
4702
8215
5476
4131
4657
6529
1656
3888
2755
8759
9332
584
1255
6702
5033
9850
9745
2029
4851
928
4892
688
3573
5099
241
6488
3131
8332
8939
4483
5286
2409
6763
312
8986
2385
6853
4495
8298
7552
9184
1627
8142
5078
9087
3960
595
1616
1451
4977
1481
6876
1417
5667
3962
3673
2508
9070
8878
4223
3537
4047
8234
196
7505
6846
9350
7445
8159
7560
6704
4279
9121
8253
2736
563
785
373
557
7338
3421
4023
8017
9786
8835
5841
578
4004
4344
4870
3714
7317
5634
6837
8263
6435
6930
1189
8942
7541
8526
9628
7769
8947
2891
6937
2269
5408
8229
8035
6585
2262
5002
143
1964
2966
8586
6824
9724
1536
4102
2599
4382
4020
4262
253
6351
4339
7479
4787
6941
8819
684
9631
5133
1660
5034
3965
8522
8860
9435
395
6352
1890
5864
4093
8720
9901
6896
4136
7582
1764
8243
881
8468
4101
6252
8149
2904
566
352
8085
6798
5645
4778
1367
8954
1176
3904
6997
1003
5297
5037
2740
9462
5667
673
9675
1219
2681
962
6799
1939
9110
3019
6951
5411
1790
5342
2348
9066
797
2805
8543
8201
7182
2093
9633
6787
7988
5076
2275
1187
4648
6152
8036
9769
3462
3749
5199
8543
4362
5254
4632
8399
4360
2200
8424
2130
6760
5212
9727
7862
9933
8159
3747
5224
9733
2409
4493
9564
1173
795
4869
2475
5149
4066
4319
946
6631
1161
9154
641
8393
8718
8070
8482
6434
4239
1737
367
3523
5382
8126
5493
9486
5605
9211
797
5597
2756
2985
2699
1587
5554
5399
6815
9280
5659
314
6194
1666
9870
9221
6298
7656
4924
8535
3977
2329
5800
7722
2284
4233
1553
7970
1750
7994
3736
9846
5107
5027
6614
398
3350
8327
9958
1224
5293
6319
5231
7998
9980
4549
4073
6210
567
1524
2494
1880
7724
5224
3578
4385
1059
761
8578
7654
7035
8078
1079
6677
8292
1862
2936
3829
8408
6458
9643
569
8234
9239
7734
3323
6883
2975
2258
7981
1032
3791
2845
2921
2739
2373
2291
9315
6176
9506
6195
5200
8474
838
9954
9380
279
1700
1751
5527
8489
7791
3797
2000
1499
7943
2028
1604
3499
1039
1862
940
4163
7396
6361
5130
1240
5588
8812
7515
9789
2715
584
2186
1527
2460
1123
4714
2889
4505
1535
656
4164
332
8673
9762
4332
4615
3772
9936
2057
9370
4783
8682
5052
3285
3857
2971
4393
4957
9137
9058
2356
5899
1485
6913
2702
9437
7217
5199
3253
4408
9146
6727
3897
9219
7143
6329
8321
4487
8393
6020
7567
7166
5797
7785
4014
7903
8424
8197
117
5145
140
736
1633
3113
2360
291
3617
7324
7664
1760
4988
6898
1301
8285
2825
5503
8599
1370
530
1661
7523
1886
159
9978
4881
2343
5399
5931
66
8386
6504
1492
3633
1024
5036
3311
4301
8853
3467
7036
3433
277
9801
3568
4067
1396
4230
8032
4959
5903
3732
9487
7130
8799
7583
7807
7921
4104
2872
6207
3467
4562
628
5028
1888
9735
8
6743
2001
8816
2556
9852